100 10000
109 7780
153 8185
139 7557
167 6853
166 5764
153 521
106 4667
107 6739
157 3430
151 3474
184 8812
139 1896
164 9345
125 8796
169 5390
194 6327
193 2882
138 7711
112 3230
110 1864
184 7061
169 7134
187 5815
108 5516
170 6078
107 5472
118 5795
114 2885
173 8183
128 212
141 4260
105 6353
156 1678
143 4522
155 3139
187 2320
135 9659
166 9518
134 9943
183 9125
100 4430
137 4092
117 7768
140 2774
171 2700
161 205
102 1077
145 8106
150 2148
116 8452
132 7891
150 2657
197 5608
144 1196
181 2163
140 647
166 2371
130 2041
197 776
158 293
135 4726
192 1782
134 8556
128 3219
109 9214
178 2459
183 218
120 4823
170 5658
181 3070
158 6668
126 3364
104 7767
129 4105
109 7433
146 2969
151 9366
147 3041
137 2817
109 5873
105 4396
172 7688
163 738
157 9731
196 2321
190 1603
108 746
111 483
162 2359
115 2492
121 9948
104 7618
169 8742
175 9651
147 4400
107 2649
103 5535
188 4549
130 3559
192 241