10000
21929570
-27529152
312749
-10599759
48838867
10869005
6569261
6814212
94681303
12323123
64377680
66355233
62036924
-24575371
-12746400
12493039
-84666194
25524114
-95383450
13973255
3420940
56494474
76139328
93348242
57925203
-30250432
24970850
-109133
-44035224
-61007079
-34500187
51021343
75595458
-90694547
-92017839
-45419098
10125454
-82978173
22263142
42700258
33242084
-29997227
-84143545
-84705817
-25188341
-10797260
22759601
-28456123
12058215
71372970
-22584920
-82475370
62530092
35303147
96160589
65435095
-3668481
6964507
31475038
-20910701
85898154
-93321606
-49150565
55688381
-53176690
-86643664
90759775
52731470
-32557533
-67327303
-97632415
98311979
-96739028
-38083709
80731170
-66581834
40638019
60845144
18536583
-31277538
46989966
-46573027
87832652
-15408194
61577840
-52024818
88491251
-59707689
-86855136
-57452934
58249382
-96839053
-14453212
-56826158
56802104
26563690
-80846662
-39831927
68470873
-38544678
-1557035
70028131
-95898591
-20614483
69005384
-20896899
-85736343
613801
54571976
62742423
-75202925
35486374
88427923
-37247424
32099333
32471181
-81154258
66257629
94110541
98848127
-75134915
50467463
39586606
-75104599
-25576685
99206638
12765190
60087129
5114187
-45832521
-85735172
-19530054
92374271
-42918740
70279497
76961835
-50674437
8447134
15586421
-17525262
-66288476
-12122551
-14279665
-49597560
-82250010
-77236993
-85266977
-77205788
11074509
-75669078
7717948
-47104291
-33942469
69622745
-63409763
47975502
-69558476
79206008
-95037798
69798746
66337911
-45823472
95499614
404496
48477594
44327129
43112103
31346663
-7526921
55137498
-16854382
10398607
-49328793
11635802
65136602
36987635
-35252872
-10815835
-92854589
-48339693
84473615
-10029022
-50987380
-19216736
46449531
61369119
-85587586
-77248475
-79508978
-77696006
46520310
-29880445
3484932
45787675
16136827
79534996
-7622165
85315838
1924846
-26577140
-20349097
-16613641
30321133
55937011
41185304
97319340
-97775499
54421729
-95513858
-397399
-16771627
41257359
72060597
53301894
85325130
-23633067
-94836092
14716349
53954965
87108475
29914714
20360578
10855640
-29830916
-91382813
-86973937
-93086325
4883532
95498975
85601606
-55390201
-20568711
87259319
33722550
72009403
1087256
59649844
-6924392
39597960
49130190
59144617
-40009315
-81734618
20888421
39075621
-94737049
-1941043
50183037
60462544
-60230106
74371088
77661486
-68639128
14816370
43508146
59290325
72530718
-39847951
47319824
28159240
90405664
-2659032
58922753
-81115464
-45007199
-96202917
53998039
-61661954
81292490
-15762126
16717088
12088299
75118388
-95175226
-72036143
-30075972
2095195
89967219
31093462
-96645764
14967105
-43269362
44420988
55729081
-88769483
-33051687
-51929584
-27557051
90214403
-87280922
28556537
-502205
45755784
-88561280
58724525
-38196351
1067932
99380845
-34104381
35278537
-48735089
-40279089
68890547
-23775331
23052805
-37717212
-97456903
-73463902
-13147488
-26415883
-42804870
82563498
29058586
43965587
-86807865
33675026
52919980
-96806328
-92345981
88044488
55726666
-18444910
-51876357
68573412
55681337
-82780707
66332515
63679668
-53899751
66160208
68856096
2714349
24071600
95814925
52089324
-44753806
-12159909
-31803682
-67323725
48947728
-35594785
-78465682
85590436
16630286
55523947
45993038
70439209
-98209804
98246584
-74950501
8883669
-2125741
91726826
-22148869
79551870
69709820
-88402732
-99682866
20543332
5833512
-4049727
-61136572
80435849
20692304
4728020
54480780
-41508102
33243660
91876263
57945940
-54165065
-15276339
70517397
-41293710
23639272
34192348
-4035346
31493356
-86950536
-90311702
-53219917
64542319
65433083
-78949250
-42723462
-29018163
10987522
-53779531
-83736945
82379503
-56351074
-12477044
47652986
26842762
-47002545
-74458214
-58901531
-35101868
-88097735
-98956833
-12498860
-62804452
-90086068
-59699357
79214563
-75839992
27356862
33020536
54211858
-54640478
-26254834
-19896089
87267670
10855034
-40946572
31407953
-26569655
59385099
-36584235
-66253817
-56506743
-87728572
16980604
-90503241
14297014
58311979
37070674
-56325366
-94291165
-1902515
-6906122
-68933478
19591090
-87993703
22187157
-90415465
54628386
25132440
-58163814
-66883470
43624974
77966986
-7991390
70903533
8634337
63545014
255285
-63202048
-32210667
21589501
52111441
-18286630
-98517634
78156082
57549909
-24770288
20214943
-99582827
26003629
-79097417
-12910667
-16317772
27311700
-43885627
52265643
-57321356
60512820
75261373
88667876
-50531107
76779566
48297904
17548912
-69700765
-9878792
-34473730
20262817
46077071
862421
50751999
-41943307
272722
75885300
-15880667
45986043
-88619493
-70415845
41435008
-45543613
-53042555
-10630409
54211213
99128810
-79066398
46027196
-40057254
-49344714
-64105763
-81362111
-34044307
-96967807
24993912
-51869925
-81679560
44809935
-96186464
64164458
71183131
-11965127
-7976362
54966894
74137871
-445249
75251629
62845890
86816611
7796928
-56807633
10128329
40885136
-86905512
-80922188
20804985
41710431
60099301
-77431647
49169094
-3384691
-15727962
-69821538
-85129016
-15631420
27439182
-65093272
47719805
33062780
-47857353
57564859
39309398
42172506
-52783951
-41598976
-46599866
62432748
-8009449
15231719
-45343539
-76122819
-41912288
59210585
52145818
-92537082
25765907
-22247248
-47138796
83954381
-95811073
6419644
-41778862
22241581
-45355558
-32450852
-13088908
-42143589
-22847347
-29401687
-53301311
-35351978
-72468177
-70216891
34673964
50232068
3882968
67955823
-6330913
54693463
65677678
58372236
-50280121
-55132418
67911892
25291913
-61472403
25061452
-21967356
-92591934
58602673
-50313571
82045524
63765424
28873853
45723002
-656279
-82932184
-12471937
79666900
71489931
95543723
-14719906
-78607763
-31466971
90008438
96345357
-71695398
-75463379
-98086251
3579950
57810084
84083665
-1832259
-81723298
-54183310
-43300236
-86646444
54329689
29352529
-70978449
61849640
79823766
-30255413
11995640
97012260
-17397502
-36233601
909255
88950961
-49111653
-13184849
-19572241
14002186
83203531
70133955
-26907858
-71672358
76334552
77903453
28946555
-89777006
524831
-23881106
3828115
-99207411
-34397237
-16122218
45488721
-16942837
-10976762
-14009836
-37261873
58175534
50645349
-90359709
-84280044
-84464494
9396597
-28479231
7405939
32578957
27395346
-64414340
51025402
-83235202
-22617676
-29918521
14964209
-51857253
72724547
-71627879
-62980996
76426235
-99594027
-81201444
-38675191
3704871
65916472
11203051
31409496
98724716
18277677
-82147908
-72278
64898182
-75922976
22252225
63356836
73563240
54413998
-42443365
18931045
4813782
-29502486
96367598
-17172352
-35060830
25093492
-12936683
23410264
95521284
68913573
-2654027
10332615
-39348884
-51028840
-13688109
57769560
31846793
48315482
12015085
-50380966
98193545
40111273
8681223
-85698721
9543254
35657937
86127219
92687773
55130098
6724642
41400968
-6271251
15167912
9441076
32205221
5928721
-95961625
35970908
96385638
78611378
-21146846
87792786
35888212
-70188858
-79068297
7519476
-60723395
15927022
37765132
64482665
-68489957
-74752242
-57601088
-92062400
20737499
64702509
61816291
82066318
73284393
29281233
38966273
-5624457
68280165
-11203359
-72487395
-96382776
95164702
51210040
16765938
80383170
53731184
95875885
51929843
33403706
70765880
-89599242
-95776940
-21129919
93369575
-97976223
-3618669
-29799804
-45077359
90647433
-24785401
16153210
-48670163
7230312
88703577
67502712
44112430
-78027944
62686514
-32895595
-60354895
84477610
-80487379
-52908430
-97701464
-82685521
12354773
-11933435
99161084
57381961
-89248520
-64365843
-26682086
8995205
-62828281
10336740
60479448
-17053790
88696742
71260615
-67100099
-31233924
-60547098
77632732
-86417958
11359395
52287387
-12065610
62506462
49263225
-63729260
31759128
-66810630
-15174562
-6241399
86288270
90888137
57131490
-23428456
76055095
-10330996
-91685235
-28960888
-2459321
79895953
-60419559
-57164705
42334631
-29941408
-21633164
-92976736
-38833780
-66724686
91425899
-65795496
70879029
45024707
-58120112
-66490473
-9060859
-34972908
-75579617
25560103
-50102142
21111221
-21007648
-97555213
88492476
-84763396
-49116551
19448603
-96652043
-93625335
-87358354
-18408389
-75414865
97726963
41912223
97736778
74001601
-31475901
-90047244
-82124202
-15860374
42239961
75104520
-1516187
-58236529
-49379067
22879572
-58736438
49008248
23621963
85632402
11028003
-34751379
-17245338
-78858746
76429458
903600
-62864347
-45657181
27098026
-80824858
58918233
-96324694
-45208446
-79366333
9834287
-90380631
73152065
-96887516
-55856891
-40492075
-77584958
-44925664
-93455415
-58579524
7657896
46006700
80508538
60681315
37871542
-7642968
-90380113
70440354
-20274006
-79257737
1613643
-83657010
41830472
76585709
65482764
-3166823
36865947
-85818720
-17145271
98700655
25221392
38564654
20312966
-22149854
31929183
-58998436
49727507
-61848923
4865139
-35885963
63217360
-44046334
-41295964
-58665814
13483357
-69577242
20395062
-23545662
16471276
-65259007
-90444745
88477879
23949312
-65950710
19020023
-6508703
-32211104
96566355
-62370280
47309931
22641978
-91766239
72219606
-92156071
16199083
69093241
-74306267
2658391
-71247868
-3130023
42629525
71468809
-34424785
-84388044
-42475097
-54340024
57638954
496286
-36897649
35060006
76438115
-39588391
-2289996
-51886265
89145399
36743513
-85384658
-13736325
58830122
-61562115
73212668
53161151
-99478643
57555207
41472059
54983598
-16265940
-49139894
25135102
44390115
-95270976
-82263329
-52297795
-80398702
-7888532
-61913554
22902664
8337356
76524387
-26639953
35852343
67292610
33464004
2569713
70871816
-37769632
10523757
24105870
-81301470
79455570
54477899
39430057
43828268
90314246
23657309
89468374
70947452
8020007
-25860103
2541304
61925916
6778848
75361183
18712235
30330981
58701444
-87290596
-21891295
56002267
51058953
-86159151
6277986
9739287
-14529925
2585542
-94079943
-80302854
-2048357
86683390
-20758310
-55540159
59628189
-67838425
45679531
89912216
-34701034
-26091598
-42612042
-4056011
2643094
-32861007
-85117344
-65802541
-26016917
11434130
-70926505
91931427
-85248232
72238731
-87829628
-50479036
-67584948
68103603
-32360424
65614721
-51800087
-70309231
-41641807
-12271296
17737252
69771227
-27004192
21336617
94898206
-41918538
-97702273
-25382728
-70318349
28800019
-34967985
-15206959
55321445
82164716
-46640828
-16080041
98958192
-27919474
-64243796
74035944
-26487954
-86011370
-95054622
25712911
74513018
-70279275
-87955211
91524585
64521998
80064810
41712303
-64391804
-84449791
69659254
78206736
32871866
94143185
-6453961
-60700748
-84098380
9136403
54456223
62249775
-14048251
7206716
27377330
-5800481
-49749665
14744430
83719617
66656528
76119386
93934565
-15677752
-85783342
3748622
64825848
47282896
46823599
65177480
-53963327
-89226859
10095273
-50383160
87087716
-70576182
-30757168
85662191
-96042021
20487306
-10223227
5412153
-67218727
-80145417
-35100459
19055823
-48261146
18993629
-81493805
-52864312
35521206
61794453
-23219846
80802381
-86591718
65592916
-58326369
31227961
55442596
-25541886
68046018
-53139711
46722439
-25878228
69864947
-1636739
-55639051
12632934
-1135967
-22217103
-41865503
8537327
-53707644
94257124
-6057157
-38755626
43338112
74079981
-80577294
-4839166
-47990233
-54167781
28776701
-312089
-70343727
-15757781
33992987
29292891
-63791442
-78505201
87750187
38014871
-69780405
29499865
52441287
-57083516
58689713
58659501
-50010364
66536279
-25305127
39105919
-79870404
40723297
89001190
-73016122
15502097
-17476971
-13140462
52163907
-77745197
-32406351
11805254
-39718239
-77551654
22213798
18083587
-52965472
-55534502
-14377273
64370274
15068058
-23575625
-22630767
-9967290
20119626
-21682268
16792490
-58184164
-48973642
2554660
84678611
24090345
-47113573
-79534039
12903847
-74297377
88053403
10686720
-97327606
68740122
-48530043
-57566647
-15955349
99239995
20156538
-73790383
69937833
7051519
-69772511
24832896
11655184
14194002
64366909
-97833995
59626815
-37318456
42760362
-49309413
-31118436
48666146
98709606
-59292807
-64166821
-50390754
-62423809
43503304
-41081173
-60184200
9544498
-3488825
30030184
36347808
-58206897
16882604
12900317
-27365296
92379724
-21870763
69876171
-6089992
8379898
-90259029
-88411653
26193462
90899475
-29515391
59723435
-49279579
-39160855
-49777697
-17057740
37362816
-58194844
-45993752
70030515
-89237236
-93399826
-65564596
61663803
76653234
67290789
30122033
97507021
33716313
94802712
75307376
-27599102
-52515696
-10734312
-13007889
-29698181
-35368875
-19185585
74971555
-59713753
88968635
-70881155
9639717
-41290230
67091582
83779868
-91801595
78976654
-40677806
-86431085
92667367
-5457349
87786855
46852089
2137553
-33965470
57944319
16465433
93222937
26619219
78257864
-87766051
-22127966
31390749
-84407901
98083710
12239131
61454733
73847034
79920484
-81688865
-43451599
-33166399
-86279999
81061879
81643918
-3039544
75725634
94572221
92873365
59092384
51145379
38184826
20147397
-97864655
-19235275
-15385957
632215
87128134
-79042420
12357499
48165691
-12408523
-51647664
-37971618
76734685
51246810
78248967
-56882329
69007872
-28459264
-53256329
-94870381
-20598290
95257780
36118966
-72290950
74066853
65790209
20493634
69074073
82218685
21893212
-99650429
67526835
-72887515
-25950878
57724636
29255404
34827374
13469667
-88393084
74326598
52889453
-32437016
-29854557
68956923
-81518735
51691618
-95672806
-69602893
18711489
32607962
-74435651
21332629
12348712
46015759
-41216884
24889617
-33983621
-46944326
10547189
34842005
-33365500
-48116493
30138814
-73727521
-12758094
-19174499
-65084104
2685562
93522174
-51006437
8290297
-44461796
-40066181
-27582927
-47759834
-88161274
25112336
67162042
-90772215
-77624765
61463015
-9903474
-49637416
-50389277
-3671137
-20983058
-44821878
-18903274
-84733994
-67164982
-36760975
-18228301
-97077523
-23235090
7692098
1005946
37424170
-56127036
-18284983
37655764
16775722
1641631
-63125067
-30282075
-75682335
70026144
-38601191
-60068362
-6224408
-53055610
99777281
-1145664
-56172112
-11828046
73378990
76537973
-98479077
-19471910
29943616
-91775037
-74352622
53819169
-12580444
60687155
85754538
-73481403
-47384274
83168909
64724974
51234219
-25585444
-18760628
-14552976
-28427979
5599513
-40178616
-46778407
80644658
-74706942
26302718
-82381868
-84753517
87321133
68321616
-66942263
64384688
-62056190
14750523
3385920
31154124
-514977
-43103921
13929348
-26509947
12008385
62956552
-85777926
-23812223
-16036613
97799067
17410417
-21770100
-24793337
42541373
72529834
18537909
-86592689
72255867
82572440
13557606
23316380
-79123736
-44764968
-96359103
90606831
-89599106
66498035
19097940
27629418
-78630151
88574786
37865202
-20217012
-66429150
-48250804
-82481524
67310023
-88043029
59563635
42642961
-54400691
77033815
-3318730
-72506010
-91107699
39388232
40039819
-55220240
95791782
14519828
50977376
-34312057
32178083
89828314
-92162257
-21391242
-98338954
10288451
-17116778
1607491
96458516
-4875866
48558359
-37406463
-90775720
79545214
98446911
-58364187
-9207824
55011357
51227885
-98549660
-87307769
-60070521
-32041704
46282565
24194993
-72258958
94748595
-48781401
-29638926
21718275
23306158
-86890410
-29607527
22886843
-94312881
-10045326
-74266894
73140438
-84142570
-42978428
29073748
-42043856
46184444
50475175
-71524544
-65912268
-81730291
-70652913
40941320
-1595994
53987583
-59219576
63291943
49527035
-47004289
-7751397
21870017
-38444822
54413764
73920004
15539855
-68335377
-68753584
-25259759
71817976
35448769
92201064
-13662563
73858094
8492237
-84097294
17651738
39153927
-5793688
-27623408
54736087
-6254965
17483121
17807109
-9892740
-90528668
65401508
10277278
71957068
67730691
-17474267
-50182354
20865437
-30108868
13438516
68084656
64177927
-81273327
-58062575
41481716
-2590876
-73290273
-28555797
78657199
-6973314
-58113332
31932272
-44511008
-67550918
-17498701
-63664155
1626497
-30914370
-22849557
-1740377
98503568
-95613104
43748069
-35693497
64448671
50138347
21387344
-40710652
7009549
-10707758
-14368878
-28664373
-83553695
-39580422
40407581
-48275222
-1074935
-2783499
52724595
74967467
28026360
-77699169
38825921
-75219578
-51779408
-22460940
9912516
-22171804
-10544232
31394846
80899236
80732015
-56285006
71631508
14934947
63697759
-79570142
54420169
-22511247
91343369
76021780
67420378
64434653
-10635044
-92604436
70551040
15485966
95069413
-7958499
-69223480
37410779
-95590005
16361035
2182975
70233263
76202736
-34439026
18967647
-83914090
-13090389
-59774169
-56440852
69833580
75614703
8393006
4899106
-72379367
-55185203
45484630
76709821
-68705080
44504895
-80272253
61381226
98945687
60605981
-42133822
-50539036
-82615142
-22330448
62053093
14843102
85786695
-41320753
93984066
76489240
-35629020
41532018
-98601756
38732210
-1863216
1462211
38334259
90579142
51117537
32462631
97586798
88819950
80971950
2496457
42930407
-29328831
-50415218
15331679
99481599
92905884
84682248
54979808
3237288
-90372719
18336558
-83899990
1582788
38416358
24856517
25382729
-42227547
11154332
81630636
31903766
-59471875
-13911386
-56583448
-93247580
-21426963
29832709
-93829365
-70851396
-89736312
-33516945
63019183
-30953773
-31510986
14888400
34739145
-8618076
-34741681
-29544985
-40802353
-98921819
91806991
9391171
-61705271
91770963
-79604348
-17963226
99879422
99917901
-34277375
-74265192
-25309822
-13567535
-92810687
-50931816
-38031669
-43158208
-72745383
-57167638
-63241358
-30351110
86735248
55533643
44716120
-63245767
-53391903
-50709670
47610995
86694387
-96322787
-66525408
-39875591
87317437
-48043316
80552454
40096774
31136953
-52206115
-48354412
86356767
96536262
29953286
-93747266
63425978
84528879
91792876
-23413282
-38143086
-80579170
-47079931
-22102648
-35872694
-77574044
-66303627
89548757
-85657067
-63726652
64675051
-98459504
45162865
71105321
34425779
-86814966
96240687
-67751967
65610399
-12627259
-65524219
-73363142
8971409
30831377
-90952093
75609028
-43524406
-59777621
39695604
80482514
92107664
60187240
-55038644
70021379
87433416
28190164
33774318
25779860
69347286
-62301548
53621063
-37592073
66209521
3823425
66461902
-53746612
6482723
-84748554
-37889517
16768251
-89987954
31177945
-81081520
4420135
-57889063
-64779945
10449420
22088691
-31150555
-11481722
65950361
93473994
-50146847
-66139581
-55834317
-95512190
56579139
75141486
83671904
-93764386
-20589285
-29539173
-37099253
27911946
33751677
72067853
-39572663
-94852017
64369475
62794518
-30873695
-58775852
78111896
-77072648
70470467
-39070281
41268760
40541220
27910442
52213360
-82259256
-88314373
-43069585
-19170993
-28251909
60147069
-87445227
32349102
-40342258
61974091
-10325752
31341236
-68420459
-44125131
-62642464
39551219
-31722802
-8993466
70668457
-29956917
74792718
5301436
57719215
6054926
-80608028
24726213
-84637903
-73074199
-36610048
83235964
-36780950
-83962081
-52768956
-68541456
88494869
-32274912
-86469589
82071739
-43836145
73604608
59513080
28078235
45490241
-97604617
-26879731
37785069
-90355394
22237027
85569815
-69080753
92652520
-49737774
69872763
-42132642
77420642
12439307
-46033589
50875488
-38562965
47021877
44784971
85628972
-31040850
-23578222
-1244959
-26363671
-15889808
-99879003
-32620001
69632447
26020807
-13794541
-65157322
97063849
10530003
-53285517
59811195
55323832
-67065343
-18393097
15081606
-6874930
-58644015
-67529296
90583443
-87043177
-53834845
89363685
-45962099
-23944438
-86241324
-37345077
20634703
9141977
-71180363
73884107
-40880916
-30931537
3640341
99483939
-46325123
-90476391
-45142972
-84062632
4898440
6447061
-84580453
72808913
47337355
30706159
52628112
-1357421
17940831
79830132
-68059729
-48340100
44272987
-63511555
-14161666
-14201783
-72528827
-5253494
46083096
91324436
55873770
-36634116
65570755
25700701
68244211
36645895
87595398
-9257268
-48316510
-66549283
-72067974
5557996
-61731958
-74581384
27572264
-15863619
97537276
-26643758
-57973671
23331742
23427449
15116097
44714091
40804571
-22798294
77159736
-70388880
-77369362
83230128
-82157877
72012765
58928370
-36559487
-36467409
-39936403
-58467445
40876305
-10281154
-95435298
-89308540
43110760
-38114620
-53040912
-15509886
51898106
26382274
-86608143
18854370
8916181
-98298047
-11739059
54114931
-47279824
-77248647
-32103014
-59242327
18651792
-75233816
-51501005
91084474
7034775
64964759
7512604
-66158634
-38562049
-30996345
-57882517
74735451
65355019
-13960292
43260076
7818430
-31208461
-68665131
80220981
-38457931
-31842991
-39776023
88906465
50819431
63767879
10756749
13714457
81528175
29581182
-82102167
6208194
-59310841
95635604
-80694076
22880763
16110121
-58780149
-86519773
3656684
78146001
54372775
-86882279
-76947837
-17105550
-15735209
-61343594
53499350
-77123527
-41558124
80442511
-14676609
-78614694
-57469628
-93645083
72600663
-41572185
-64140281
-2320437
-72683405
96278026
-48749698
25984429
4260184
-56459883
62795461
-98571676
79099847
46049095
63158944
-72850046
-33401421
-44688688
27678185
-97925020
7169294
-44960713
-62828186
6012014
-33445360
25111473
57257398
-9162017
23086298
49138671
32574442
-15177113
98158786
89280687
-53294740
-35547052
-19749599
43540287
86163631
7378658
26895698
-71611654
8857537
79512045
20098989
-17163533
-40443442
-92549745
-40282472
-68708078
13843931
-69987921
-6292879
-59544608
-814378
17561376
-78743999
29847704
-68875077
2205122
-60979373
60412318
-97101870
55121513
10965675
-22027426
-96730463
89819160
-656165
-1294004
46899553
23058291
-30852319
-79700473
-24820719
-21219053
46181750
-42340232
85913025
83718173
-34445086
49807143
-68879545
-8205624
-64705261
2562363
91115766
57703394
-9904936
29143883
-56803053
50402696
12415364
-16041491
-31641970
66483380
-74509785
53736023
-31453630
-57873585
-20433071
-30262602
8106420
61011531
-15607632
90785640
60864397
-26592407
65276110
-79595325
71379625
63596232
43934679
-52593250
-63349793
-10786516
29291862
11103754
19826773
-91596688
-13143193
-54433858
-275904
70199951
-44490951
96496856
-89357073
85189172
51941496
8695901
-46709269
92445726
89113398
43786609
4151243
95817516
-58299278
-29891076
-92597993
-55490901
41697965
17708172
92427283
-30309612
57764258
-20399286
-93531983
-34991386
-52691699
79144546
-62808483
14386461
-66090751
-39856942
55269607
-65999213
70013301
37906469
5502481
-12104488
80142712
75675225
21466097
-43419791
67113944
78933898
74482834
-99851931
43255506
-59167310
-52487239
-40817062
3701747
-24682326
-33294654
69148635
-46861141
-69966292
-87564308
75908335
90028839
45634313
37880870
72796950
-28495617
38904270
58536477
28970339
88517002
-29849544
-74195785
3794253
64606442
19506494
-35633614
66022739
96242074
35847074
2576443
78830359
5117880
-93680053
21753107
-93524390
31631784
78008578
-89315287
58591574
93437711
86120971
80861928
39979593
25470776
29594146
-2133327
-65491602
-62205646
48669146
85075826
-71790326
-79602579
-54487506
-88368933
-26894950
-84971525
43718508
-5423504
84195253
-89048713
682607
72906560
17291784
27457264
-66394667
-29209545
83708891
-76118794
31405260
-58834834
-6504196
28219556
99944902
35532628
-97603970
-10711472
-14175379
78323477
-64987704
-78360180
-70142012
28228384
-52427073
50771248
-25633231
58432938
-40394615
94688880
-51351943
91447134
87913275
-16567918
-73510540
47640287
-7244897
-86785589
-36429857
-87477671
-8134557
-41196309
14157781
-89372808
6389094
7503980
-8419979
-9883
-79547481
9979865
-90764964
83816521
29203854
65395030
-40435800
62555432
81093299
72454222
25333632
66520536
-46909506
-24827606
-88814931
89020011
75233148
39958125
-46748110
-89936278
1730096
-47695385
-57222476
89181619
-74281615
-26697708
-13541966
76208604
7482038
-80769205
-78160711
40068947
-40808774
74376652
37980419
49625519
85453843
-35168465
-37756720
-77481755
-76132118
-36065973
66546987
20300881
-12119222
-2950394
59431834
-83306952
-52381379
25137770
-64605957
66430969
-45747910
-18483702
98260021
68147903
-32797659
-79946584
58098136
-44098439
-21063004
-16644405
-44926607
61862503
50614932
85264685
7329309
-21286158
37191975
-38440451
-96433833
10401613
-22285156
-69266356
86195840
-62203932
-14242373
22476643
1300841
28668779
13870457
-30235014
28589983
82344268
83836752
-44591680
-14183144
77674928
76116630
69832515
-17576822
65400426
6733399
-93658282
43581249
40512287
-91139366
-95315517
69685948
2616092
89720296
-19282009
-20498927
86059071
21571602
24992430
-11283876
-76481555
-4679542
60463952
-17609724
44725697
18752575
-70570643
42031103
-90827991
54765611
-27270876
78025751
-4793388
-552172
29654381
2597211
67359459
79136371
-61834259
-96331787
-28626875
-12847605
-54316447
-71064567
-18926856
52790695
98684748
38948483
-66847534
90263912
42530911
-39227334
-41155679
66692195
-37701589
-17645530
-84347322
-12557761
37697480
-53352149
-22695958
-35689386
34409239
85746675
36131509
-73341268
-25520665
-96831736
-39934086
78120779
12141613
-93077300
-16594139
21324216
-82657002
36366049
-50363096
31528518
-98682869
91935002
20067827
-9519127
8878637
-81091903
-87765300
-88043542
19181429
28514416
-62850584
-52700089
-13055467
-20082780
-58561110
91517889
26364171
-92937490
52743156
-40063122
-7196077
-45585589
-21688641
95516483
-21117432
-44968314
-21877701
35608211
77366804
37520104
49349196
25932361
-67282435
-15875841
-13874893
45762477
26580023
86823168
55431977
15501142
73511974
24175051
7477302
45964919
66018847
-87233997
-8823754
-67775607
65483809
-8112029
94960045
-89719513
83622893
89700026
-61275406
46902719
13623643
24551343
-88401695
-46153050
40785797
-23373512
-65410347
81661324
79165220
11217054
-85417655
-97179627
93792113
-4323588
-35062135
39541002
-48369467
-62757986
-13575097
68628872
46937109
32346440
-70502364
-33883435
63855440
-54102094
70124402
-14521167
42560059
39068708
42309468
-56982462
-54600436
39222387
-67861166
-97971320
75224863
1585026
74715344
-3114514
-10414603
25815978
66799698
-45198208
98183657
-11644128
-61567720
-30192604
-73049895
-44580958
58649954
46380878
3275123
-29904278
99965610
81277203
-4946294
45481740
-10008490
-5112109
6502086
49110820
-60898735
-59903489
68907586
71564807
57420808
-45430275
-36462422
-37090815
64316139
50045506
-37473331
89539416
-20956526
-78878869
65546741
74695843
-32067093
-24500433
-92534374
317005
-41471273
-12858984
80418754
95928589
39742414
75303842
39256776
-49138370
6974973
-70256878
-88406485
-20172548
90383399
40474577
-13285288
26703187
-14105794
-73381150
30935064
83862554
-93730183
64040920
-8897097
-91395553
-16145791
13735706
91052247
78844479
-84269538
20357863
-22451168
-85508057
-12577735
-93814920
-9417908
51960248
-40322243
72978996
-68177608
82116965
15312948
-87324053
55934211
34573016
38451990
82699217
99156017
38568897
34406418
-61156447
-11198363
-58685943
44564503
-76396929
-5952813
-5512193
96038113
71814306
12074380
-73993292
84251595
60412297
-64868832
86617110
52194290
97101572
92405187
84198318
-50107516
34754463
-32974570
12915210
94796457
48818098
-31450395
93593870
-91893292
56529886
-29847544
1154991
14579689
-47516651
-55561939
76886908
-68443774
-63765225
-30072560
-36180807
12137893
96094285
55922135
-12136550
-39095385
-94184316
97865370
54900651
77544779
69317101
82378726
41350418
90294030
-85042302
-11323587
99651954
71818123
75886426
-53482401
95746404
55053465
453317
-13618902
-60491774
1661849
-89080611
11427018
31768245
15974236
-41755740
55060884
15959514
27174132
28585993
-27939575
-46201801
78832328
79161979
-47989406
88980773
50952727
13648954
-83950909
-61210393
74151160
28802038
10860961
-378009
63806936
-55213894
-94931216
-44330201
89717176
-25818965
8765728
-88315425
9713186
16413908
86201600
-50014774
-5611335
-33902876
-61073585
19300518
-85743784
-33580789
-85823715
-38291964
42897272
-65121786
-79180374
92656143
23875832
-42463175
-55206324
-58595489
-15595774
-52408509
-34642934
72859810
58427
-88194973
67961309
-28811871
-46824525
-608915
26242338
-47006904
-80179735
-39624151
44085012
-37581581
92960378
-97974632
-5407893
-15144397
-25277462
-3251428
-75466610
7731948
14625753
-50847076
56724718
28928721
-76033521
-87587360
31793967
32180350
-70612642
-32638784
27280349
-37878306
-48943158
-86658210
49926799
-17416362
-1864186
67738285
-33874958
14865131
40176872
61183188
-58112229
-17478578
-9206799
58401207
99695764
21850463
62944717
59938073
66681972
87655653
-76941899
57625117
-41765943
-49094498
-44919692
-60967412
-52778350
-59237165
67597118
94061987
-76394262
52459048
33095500
-18036683
-88638424
79618588
-47901431
-87991531
86719789
6984253
-69376471
9668259
67555075
53442564
-92734848
-25796704
-61864481
-34434729
-87283125
-90056497
69235633
-30550715
679243
39624695
-60936407
-6568276
55107732
-978704
-72496670
-40896774
20516635
-74637793
47268013
46114885
37577450
-10571277
49425922
-91170117
47039631
-79922824
-30248106
50936248
73218284
-40302281
57032124
13389842
90070042
4791493
-56359651
80877012
-99102932
81656378
-71954041
57653614
-75173646
54156452
-48220196
93470804
-57100276
17929852
-75489144
53077272
84505138
27616562
86467618
-94738679
62400245
-78559810
-84134887
17836429
24777374
-70694365
18525640
92639699
40191609
-81700615
-3768999
-59018477
82592571
25673751
3361682
-49683761
-44619054
-53373682
-41793843
38860256
97316247
89614398
21288530
83420997
-62351082
55955117
65930159
-70890221
95566319
16674621
66431109
-54398279
-26769899
51770802
50989596
68629851
-11073621
25803920
-43900363
71591432
-36869263
-64593740
-82537995
-93473031
-42074549
-89201720
-89121767
17225972
-85431831
74194617
-2303674
37878820
-30589595
-52392639
-92054927
72785846
151659
-67555885
-19812490
68822256
-36624524
-10584139
97073379
-76483013
-48131725
-49370720
67751422
-69178232
74684155
34731830
61389859
29577025
90526680
-13385276
-24270482
61909987
72152393
14761561
25495546
-73149363
45076883
-51295813
-85458391
-78628298
-81021706
-71447711
76191315
-74377260
43825728
78203749
-31521808
-43517737
-54383591
-12722619
8215956
73714876
-61667120
93945018
54658693
-92703829
-56953142
80056465
42541817
-20163661
-87195243
68119300
47352139
82795680
71877842
-53964915
-99366547
85390098
6948569
-46663128
-76254628
-85328712
-25125748
75701677
-95461308
-76684014
-25562036
42128682
-13003961
96480405
-33746362
4907595
-16039385
3249299
78398767
2014642
23577107
78207375
60102867
18199374
83803779
65020418
6162369
34705270
-91433056
-49141006
-18799851
93395635
-46255103
-2209357
77570296
-16911907
49533694
92279537
-36467992
-6455333
-1159377
-37368798
89406325
31342707
32858207
918176
-6939575
46061412
-86417300
7897161
-15841316
-55897160
-95603088
-30136800
22457978
-77573922
-74712770
88749194
-30466907
-41275046
8508919
40168982
67134733
53679698
42115837
-18957671
-11616216
89205396
-81089891
83165544
55373901
-8318922
-60282710
-15145901
-96825982
-39054095
88801049
-71239840
85341167
-17114397
-28040008
60100957
21122569
669782
66700309
-62902692
88998722
83881697
75332664
55144217
-42199137
60784499
22746443
-95192946
85035748
58671641
-4503531
-64273373
89226869
-48184123
-87465609
3855029
27151302
-69582845
52523260
92477606
-95614450
19542812
-33310819
-38487928
-66374971
96527069
-96591974
86647490
86764961
48407961
-80953588
-33535050
86979388
5018529
-7956393
4502087
-86127269
-36234109
25364681
94589401
68934634
-65089765
-181649
-55497623
65449435
53074422
-60466709
33525289
-29648789
68104963
-67050346
-9294586
48146522
74222703
-67288243
-30544091
17192515
13820591
21519188
-38726207
57376473
36098953
-81957907
-63372214
39625229
-70968482
-51252762
-15791660
59772270
8032304
-10017703
-36614589
5052474
57933858
-76457029
69475314
-80275539
-77813196
-3937364
-19449394
56993778
-30117264
16296278
-81340003
15458307
28340998
18318428
-87243315
-27693229
-77412302
87309571
52139
42246703
-35909112
-62787072
-67164319
-83131858
-36809436
4877147
36417917
4327184
55324950
73753019
62318907
-21877335
69564243
85652940
90212663
50679731
-36763558
-50268553
-4994289
-82242045
-59031419
4280014
-12506264
-80197326
99382095
21169479
-88715770
10713090
-64009448
-88098432
37184572
20722732
89930158
21138707
-59038415
20720930
90707290
52607172
56533896
17309656
59644719
76223422
-98331172
-3870283
53977371
40537332
45894064
42688058
28105764
-37923047
-90929672
72856250
-7696140
-17705816
1278122
59810874
49719192
-86966994
-82513954
42021085
-6407083
-74295174
-31663368
43423381
-63431554
-58403826
-11807494
-51574465
44691354
-30508267
59972441
10629270
-6802450
77696055
-41886765
-35254841
2611185
91364018
-34174697
-41155238
75275414
-31403828
82607325
73913598
-97168761
64328322
-71581128
7635974
-80139415
-18849289
71001737
77674284
35121125
-85487189
-76283261
33939893
7886790
-41754554
-40438730
12381197
-47655175
-2531472
97996703
-41385969
2104512
-1558942
-20341300
14607804
-75819051
-63467038
-42800312
58355173
47207703
58641284
66745670
-75003256
-56902500
-5576967
40592142
-27759876
-86822699
80556532
-71435050
-36459357
-1510005
82298157
75508144
-21315261
53979315
24173342
56858369
-55634261
31802747
53444105
-93500063
-22193114
-29400532
23993294
-28190914
4390180
-15330378
13811067
-16544975
83327622
-76048978
-87353436
-69533420
76479841
-52232860
98719994
-9157608
-86536244
17653304
87321146
-796105
-28211708
-31096422
34456060
60124036
19806354
22932914
-99026040
60628489
7606
-20325407
-87166052
-73447575
93763597
52141346
-11061216
54397275
19104206
-77386053
-63798039
87570502
-633766
-2898493
-54762673
-60410380
-14156570
51831576
99028302
-69082402
55259321
-66669051
43394612
26712435
44481601
-45759790
34711644
-91096692
36143408
63869258
52002731
81457266
-16304339
53182578
83447418
3653029
-88882926
86094138
-63297017
-75661506
58828355
-55677282
71738186
90849809
-18548658
99750644
99837660
74686785
-76333750
-5133561
-25719395
67974777
23904611
70056361
-94630833
-33323343
36279981
-13878487
-17929176
39523386
-82570298
-19964524
-81746133
55234948
-29388785
-45255306
3874841
46183655
13654089
41584298
-71527454
-250708
15128593
74689807
-27910757
10936602
-38407237
52544802
-54738908
44730957
-45597451
60024859
85237057
-58723032
-10411348
84027953
-42447346
13639299
47813410
16770760
67373047
24995560
4023314
-2820404
-93091208
-21207121
-73931149
-83496763
20238594
-73293352
-4124197
-46345995
-38967305
-17918048
-33606107
74531313
-47153816
49214803
-2032882
-5567435
-94916107
83735178
-59139580
37339866
-14879163
-42595158
-5201581
76976898
-34353705
-13416739
97192039
90235541
98370245
96883328
74211250
3476985
95725977
-82051004
67781015
93296363
-15132250
-54910475
-67693792
-81445556
-51144846
-99251456
-1007836
3155105
74883075
15057339
31181769
8337851
-84327819
-46619155
11686867
83637869
-15864860
66683447
-87941241
49503949
83994460
-50908047
50856942
-66344668
-70485392
5640261
-44716240
-35850634
7870701
62916907
78805335
-65102812
81433788
4670754
-90435186
59994368
51428969
-77694024
-11515288
-15627708
58412678
91643313
-97906178
50588956
55401492
-11145812
74563360
44989399
-14803539
90573381
-80658155
-70957471
-94109763
-81722935
-90698097
-64224203
-5767417
98650875
89039835
43214892
45464784
-65157203
95284403
-88033833
36252003
-3715419
26904062
11001426
-56183969
51692499
-67791101
-38170836
-21801266
27686466
91091271
92351146
-53001870
-99732014
-21746160
40660419
31076901
10294360
78952905
17297320
43575062
49762806
-70993049
63156723
-4631149
73789016
-34238216
52778093
-66733860
45269820
38907508
23569881
96358910
90127655
-85663048
-40883090
61950126
-36438067
1173368
33503962
58364482
57512681
50843794
-21796230
-72814206
-83049244
88777667
-6035403
20397035
-51620585
-87862010
-64829577
-44110108
-22012918
-31608895
86489197
-32722370
63747339
-84367425
-29972986
-14069286
-20569195
-71436977
32928914
88778957
-32478611
95992235
-43129525
85931033
-80863071
78710293
-32485033
-90879008
-54551058
58932838
86062381
98919011
50803180
35970928
-21581906
85011349
71797187
-67618942
84886725
33131829
3737085
-32320011
18371827
21736549
-72152246
91839280
98202787
-52070642
-68853647
-52426752
-21066324
28949657
-82085120
-10575188
59664404
-79041479
31907192
8033563
1260105
-30330878
44623022
-73950569
-89559051
19054244
-17671276
87570186
16474449
-72223590
37214480
-14984335
14133527
-52950254
-56323702
99797085
-14958128
99841400
-22379592
35133925
58083278
-72702351
80507506
-80414391
77974638
97875694
-20000839
-42887277
81004130
-38621633
76306524
-42540427
-46895844
-36236377
31120953
15217602
88508806
-22312346
-42760961
99317582
-60592175
-59722432
-24635170
70426377
10714878
46130688
33439720
-68116070
-14726641
-81882205
-95617060
59823004
43338113
96773266
49950285
-26037545
-10838385
25037413
-51925208
-87434745
-60944917
-74783999
-93433945
-44903918
-48530115
-20245093
-68088492
-49630096
15928793
28458695
-88711722
-92645782
42602360
-21697175
-4273900
17805710
51932818
-89918872
8870731
-68156051
-35564027
-51884770
71839363
62886335
-43004573
-83516481
14121460
-43669111
13813338
-42841503
-73944013
-36528608
-70387139
-55326217
60262499
-85808176
-66288487
-79731252
18956491
-69040030
14219180
-16930184
15955137
56814664
-93170484
97028721
-82779357
-34964713
1047166
-67855425
22029636
-20919514
-83833318
-83769158
48129281
90939852
-46623363
-56320281
98100655
-65013634
65633447
75580618
36556566
-41229705
2402708
47816885
77741356
-2071424
18040326
-18465724
-15905804
31664070
-8875363
-22089240
17624769
81366157
32160093
-84975302
56056819
-40033295
99262875
-50913828
55283723
-18331238
35128860
46975500
-52695290
-86617981
-3455499
69322646
60815186
90031793
-77831908
-16029876
-34673477
38638562
46513250
-42815159
-45588044
-40987370
-80712635
19292066
46994961
-80487110
48050378
90365565
87955849
38255922
-1393927
66763124
-41220241
-61648062
-12377100
38133950
-64276510
16547275
-79703105
-45112197
23641434
55427207
512175
64359337
-98615926
48717679
20719089
-5937597
9495978
-92845488
-87415763
78986206
-65147094
-25024748
60612742
-2955812
-59320661
-20029192
2091210
35770832
33618384
44763294
59019650
9048788
14775945
29781377
10542887
22463247
2408893
-15965858
-51753366
48779248
18341667
-8374553
33543406
-1015252
58500455
-45071973
17907992
98277281
-1206199
-46012025
-19130413
80801336
25671684
19619867
31910217
83804507
-22260804
90578711
-2545390
55752682
-85543936
-15473938
21269418
78878139
96407556
91463386
-50416608
-28397303
-61825208
98255842
91653509
-74538165
58907878
-36195012
-39355462
43227459
41431845
-38372006
38543733
85751312
62062816
3813928
-63022969
-20369591
-36106293
78218314
83377103
95156078
97871159
26738379
-55275949
11830182
86579532
-7506048
34323183
-66184396
70356028
54665267
2577191
67037068
-94655365
-53694706
60102488
537958
-37665535
-44592248
-78106543
-38133305
-41024672
88682758
-57627339
-83888798
-47965022
11703297
93689865
10642135
-52450969
-58360991
14984432
-81810758
-91913717
-45572686
-26268462
11436413
53531791
-20176673
-61117697
-33586074
29481805
-73171066
72871430
86766577
59050802
71506664
80406677
15757522
43711440
36439072
-82704057
-91514046
56324856
21510407
36180749
-90811600
-15634282
-71387151
-40204796
-25123766
-1195914
-76318953
86266573
28717019
-60319166
-15612052
58950785
50917321
72573755
-51333925
47006167
82511138
-83474551
55479531
32384890
-67853606
-84188673
-44393916
-42939601
-19471687
31296620
-22067657
66930695
11109959
-75656935
6498478
-38135615
-13424125
18246564
-35456863
-72929306
24918942
-79971878
64006068
67609839
5800758
-59437639
-55845589
47085743
-25337147
-87444122
-70510644
43183766
-4954636
89432904
-65215196
91960505
-99154675
89125517
4034355
93377073
-71240367
71552449
79266890
43579613
-79128257
-43249649
-24843387
4373954
33182356
-77476437
-27625090
-67329244
8030618
-78404620
-77912775
62483015
-47480620
87869691
-73415868
91584032
71656916
8520340
82397545
-32027566
1807264
34748576
-28114669
21677054
89558260
14537972
-38980940
-2549642
-85787792
-28833936
98311061
53366492
-59238768
-79573545
46738096
-50949594
65405747
39780456
-86096614
-47860710
40180968
96818599
-64846852
-26550017
67345678
-27698212
39441124
-87024367
62541384
12450322
-78279844
20239293
89154904
11294456
-58227651
-13876833
84865020
53479558
14815693
-81355617
61504502
74924551
-81541452
-63135447
-76715681
-31279267
21721783
-67907075
-58868405
77533725
-73821715
-68123541
-5383047
30258254
27791465
4988665
-404572
98435347
54331376
17256471
75096848
-51956574
34908973
1761885
-50554092
-21928233
64211587
29466775
78654105
-39385072
-35814614
-88073812
-75035237
95259003
-9365212
65256416
78360050
98288594
-49834337
-1375055
50580005
7348199
71844038
85007659
-13727963
89843696
-74377661
-41103350
83502990
36783684
86527738
86429672
99148182
97559222
-56452465
13461076
-59984422
16696663
87418645
45212551
4509145
92255008
-46561181
80516666
13348339
-85747904
-93088304
-642050
-60376534
62535049
26628614
1306833
48269684
-44293570
66676466
-32251352
-23800613
49901314
-84510153
-40397789
-47550572
5314937
45963785
-58129579
-25912811
-22244286
-87221994
-72594459
51711467
77173711
25240838
-38336613
-89130051
4953112
94115799
58324997
-46090621
91327371
-28340681
-27980059
82931999
26264388
-80726816
-79032059
-89844931
-14779095
-61840013
43441751
-69117245
75798886
-62738312
-9885736
1206815
27816433
-7236877
99194208
-53708778
-88431603
6429476
-64407376
-98525911
79506155
47646482
-37550246
-62705789
-35034773
-9563117
-56683428
-38409370
-91648531
-86160732
-15127985
-21758006
43469906
-23329789
26185040
-13958247
24995844
-68284648
88866284
-60404274
-30663746
96522785
75912581
39912023
-64873427
60456571
-16946485
-87810012
94921591
12033774
-57659018
-15102105
-63933306
-29454149
-96574157
78617905
56823429
83673730
45189842
94784021
94843415
-18148879
-77468715
61959617
52389672
-88127730
57736908
-48853779
66578082
13152455
21295378
79853044
17563192
95996898
32137835
82983370
71733901
22537731
-97832363
4508655
-92616632
-68873417
-33330962
-3682305
71498286
99974120
-57824701
-27075945
-26755632
47567134
29218323
41322114
-13474490
94082262
-55247690
87485133
73991499
-86047037
87522350
-76745698
-97280338
-68092706
-54388095
-18230864
90738396
-37512063
67334702
-59930204
38408015
-79557527
-93115996
-65714302
81506092
-59318814
87400653
63716832
-84817918
26213590
90461330
52415551
69696971
-15187147
77901853
-80989052
83934131
79973263
-6672466
23480930
51244587
44652702
-91008130
57780937
35015381
78913334
1788992
75476074
85514677
84899902
5579298
9010349
-67360582
-97894498
34516039
-47198106
40683130
-5067375
59816021
-54155677
-93318392
-18964522
72303050
-52222091
-76508367
-64893202
-46442669
17906809
-45994560
-73399043
-2164995
-89234868
69160402
-56146228
-11174792
93755313
-88549397
-50896934
-729683
-97407243
38892193
-88075421
78202155
-69717820
-79365708
-18549019
19776133
67591468
50296813
25099959
-21672183
-10998494
-79842759
-52516789
16799321
-29790891
72349651
61213961
34289304
-91418
25356002
83882183
21470633
58913719
-12935103
-5185835
39849946
88785645
13280294
40760725
-58648709
-8419937
95662307
57223264
6952129
94757029
2833322
42020870
-72856384
42040651
15330664
-14034137
67609995
28905481
48273139
-91166502
90607890
21677191
27054450
-81383901
-78594338
-49763359
14813762
99361734
-22763246
55010010
-9546054
-80711565
43217283
25820126
41601035
30990487
-45688827
-90463913
-16251333
86747754
-6660802
-37066023
40531081
22042292
67375786
-69671220
34070344
92248653
84577917
-60609861
-83727813
92565152
-89359421
-21768602
4206274
-81827246
-38268806
-5335805
19355063
91114649
76766300
96300572
-20013491
51942119
4303083
-16455114
98803587
1323490
-99560385
84340176
-68345310
58073907
-54843187
61525385
15494300
27673913
81146110
-94987842
-48759688
91076881
16166297
22565109
-85216184
-62153385
38737822
-2111207
-91352144
-35014116
-78386149
23428280
-30740708
59646978
-9818976
-7365982
-90018547
-2961375
82947467
88588961
-82260791
-16169100
-68474807
-67253146
91809037
-99762259
-92264551
-41801720
47408338
-50884806
62737098
76532361
-62973356
-43280964
-56576118
28278182
-25051649
-45798809
81516756
-57860106
-86795704
-93585711
-25102970
33817702
-20290362
-22988666
15080884
-27992289
-32107117
52522795
51543931
-81544326
44726445
92557148
87272949
67409411
59551687
-16580557
30756071
-85453925
-69888834
-19460458
50480455
59532661
2248786
-54918510
-13598364
-87459744
16223095
61902841
-82314334
55780262
15521869
40807573
75384665
-88675081
-91066131
-2292510
53037215
14797702
-14843144
35727737
90305396
94885543
-2428737
44281424
-68194085
-55530505
-30553914
-23985530
68726494
91528908
23445119
66970680
-87971273
32664754
-44066166
15364369
-68431084
-65371852
90609697
2540627
55784615
5990042
34837128
95763669
2933804
-96081128
-82827517
75948029
58475542
-38155803
30382227
-84041631
29389218
-5616572
-9765854
55594911
-38038602
57967362
-86724425
-58067859
43094170
-59791376
93176347
-73843243
-67664858
48551189
28778845
-57280089
55391085
-6430501
-33861426
18409067
24188004
82616229
79943122
-15684646
-39951585
1807594
-58652381
-72112958
-72702988
-6501944
17538928
6882297
-38853319
7486750
-62418539
17645299
-57569393
338922
-46597029
-26398446
-78647428
48677556
59446457
15575990
12813695
8680370
63428526
54382615
-24859973
74452572
-79443057
-35093958
95705623
-88026841
-8229636
46772989
14440306
-94081208
-4453504
60153804
16619742
85388532
-85364871
-50403887
22669696
-13705951
65010076
24848392
10969727
-88866454
-99710697
-44947837
-59833472
92537019
-2943506
75510448
-76830228
-35632869
71501659
51368044
38379067
-13034997
52747015
-47155561
-27058887
-47367115
11176674
-50826479
-84283615
-9191528
-96795008
-63488185
-95207574
-6750833
56981811
-64035960
34042427
9850343
92906294
-73480355
43670294
-61419867
-56587112
-35993519
74163268
65504780
-75260486
-96831397
14916664
16259916
23603216
-49926825
-65582867
44178452
-78225264
-70345261
-67358484
61790689
76655000
-29963190
75117375
15836554
9132006
-79838746
-92071447
63777488
-49740263
46917361
-64444792
-38907546
-58531980
13319428
-28539164
44982013
-92302251
-201067
-56447885
-11259466
-21318830
7436332
-72106629
8008070
34256856
-543531
67205255
53131817
-97905318
-39386027
-28525570
27327072
-96677477
72251738
33195343
22869484
-48597731
-72166260
29448127
-76748367
-43922073
-89614220
15245043
-22177848
67613395
-46175790
-25208105
-89716212
78612339
-10564881
36480702
21975802
86102624
43900982
-16890482
-30781333
-57856562
-32890696
81579697
-90324464
-47044002
-45203264
61682805
89645763
-24557070
8228136
-42230070
-30783718
80124084
48591352
-6420256
79864009
70350806
-79699519
-67337394
-31704610
92191289
50071219
40394675
-19567354
-75335427
56921467
74519478
12659562
24133271
49498628
41224447
-40578459
-10857781
-36023324
-19273955
84292964
-53745958
19772590
70295634
-98718809
-51297026
25599280
-97620778
-40614742
96054280
-94424387
-69840297
-69979014
95855374
56616693
51624996
65802143
11238376
-85185872
-22972622
-7927781
26714628
1147051
85010963
-3965469
-19722742
-50976758
-34487509
25944302
67003688
98348388
80074062
16147408
-32134693
9286779
33609967
-49421784
-49995154
-68618586
-80407585
-33407991
47691996
-18990583
-15621635
-80911040
26761764
44498491
16804188
67516578
97873632
75422304
48183165
-25671909
86949297
88653825
-42421664
45106990
34761627
-25738897
21003933
99679731
-39913212
-23565080
-7618430
97705891
-74498450
14012294
62155679
-13431405
-76993275
1046779
15797296
-20143039
95221712
-89564631
44380222
-54294789
-83231314
65922003
69272767
35778766
32219054
-2004087
28070669
91581384
-49834777
5745971
29198110
-20788519
-48291557
88502976
15816589
75743743
10377480
-80087316
-93494780
-28742924
88627847
-13327527
93587409
-87250531
82342811
-69764408
44509852
-3173148
-40374992
-31673797
-20893621
76513928
-55726398
-88126876
28338304
68839623
4988336
85225166
-32539324
62090874
48364250
800185
47540668
19755579
84814184
-17055803
-65139848
-65496251
85230190
40053552
69479480
75309028
-96069852
-26876854
-42922636
30096212
72334594
56523297
53435955
1983462
53486061
-68756183
31956375
81839019
-73360409
52684181
-65062121
-60164682
-39835329
46976965
-29244593
25152314
52452007
-55585654
22892826
-12172339
39131805
-26168171
-72064716
-601387
95375440
10006102
11596661
19571455
-1153277
3797350
72583780
71150456
54795759
98242092
96505029
48465038
-68210789
65477214
-91395187
17120433
68843810
65701648
-6884012
-67869998
-51993682
95024833
74339077
-61746775
-30701855
-55672834
-77142980
59515802
50230320
69249703
90964407
-1497236
28588013
-45962659
6608021
-56520042
19647155
-87615080
-17007704
22842240
80100401
-36212577
-14960442
-38077421
50471935
22290369
-6636898
86974792
-64190468
-94227608
18983850
73430156
80715841
95805282
-48607706
-99649393
35667024
-26656565
-49726691
-45480444
-19059671
-86932022
-79079865
85546056
-92722315
-1997736
-80122976
77751869
-41130808
65124854
97473278
56458889
-17290648
70273747
-47970399
84218895
9985274
12416498
-12218710
47007776
50964064
-64117772
23706269
44457927
-49734148
-82465750
17786923
32782731
-97354954
6257414
7812933
-53696281
62111610
-71527261
-58098090
67032422
-57132713
-506498
-45355107
-47530330
2413344
15611232
28105600
-29315323
-91700886
62524961
-9279197
-89557906
43775680
-32826601
-9634668
-76749474
85562145
3265533
3555492
-54941899
-10638291
-23537793
35280203
89743434
80215341
-12905707
75106823
52611777
-42688079
51169558
94347278
-45763388
28371836
-15002822
41351608
-89508229
-42228395
-64688381
-55405568
-64647169
7776627
-46978409
36158813
-12259109
26813446
7344829
89007050
35471647
-84107918
-15437593
-39258427
-41153923
24917247
96843809
-22329287
66405079
64213298
-35098542
-27745671
-84680950
40504409
75493822
-86627244
-42870445
68177682
-63515810
-17929743
-41221499
25821791
-20126440
65478921
50250525
-41328900
-31797340
37281473
-63659883
40303394
-52460688
-37070013
-27129489
-1912757
-60364825
36719695
72749514
-9572015
35501201
29319365
31528027
-92673535
74946528
-53721527
92870146
63057290
-70724618
-5151578
32282805
-60351165
-20970742
19563208
-9670744
-74725429
30228548
-90350144
36018521
19083486
10491047
-99825023
-43285414
-40437665
-58669405
-73898315
16673985
-98028530
99383817
17231807
869233
-61225873
-59376759
66701570
-67323519
7164825
50542230
-48547964
50875262
-66404913
72608774
87193235
-70604282
73354238
-95001332
96691282
-38725864
27976104
72600731
-52404060
67858694
-70014681
-99298827
-46333972
79936937
35326224
-27395221
-28034308
65995869
48844843
29604487
90898675
63673473
12043574
93979188
-6491323
99025593
12327687
-13113273
83164430
-25267659
-21223488
-41225407
2423434
46474711
23297812
70779258
-16639653
-45436334
-55360688
64827549
88697881
-70629261
51787877
49373112
-29116086
-61927046
86957213
86764633
-2649743
-65439954
-21423462
-14543833
-97969581
3990599
81710099
-76480239
17352143
79375050
11489991
97665689
48946448
-58910624
89436300
72863598
-10917818
71210725
-1722261
7191316
-43360876
64546965
89244431
-82597975
21356556
84017293
40906605
61527936
-88114404
62670461
23095273
-44564277
-87931621
25563054
89536470
48604384
96155802
93320345
-43255827
98432834
64764612
-221949
-46572886
3985296
43073674
-53026377
-84118900
47608505
-60065562
78924278
-39709070
-326812
39795215
-20234103
30125508
32803291
-54684386
-38825488
64099610
-81986875
63083993
-79817838
-88365836
54681682
-43720223
-43945732
85597309
-76616607
-48447094
-59168084
76707795
-4238164
14466552
-155096
42426704
56861072
11119850
-14740865
-25671649
-25617067
68136193
93298100
21593497
-67038682
2379530
-76577916
15640508
32302482
95437545
-43266822
3288770
34981290
-70779266
-61268952
-64651159
44582449
-11856114
-1254568
-52294481
-12980594
-38623687
92497706
-3944402
99102522
-97783518
64529093
85206636
-60049690
37339192
73264435
-78316560
60056479
86846161
-10283323
-50123068
69785892
-1411335
78672846
-47697849
-67142308
40413759
-46705173
-72054152
94819727
37543145
-58273495
-33458898
-24264496
-35503937
97844254
-31282815
-87625582
-62446385
87308944
-86993381
75638486
-2757499
22490975
-69255164
37850436
-61784552
-24309803
94963289
-77826891
-64950262
43232291
48135129
39504057
88854115
-34437052
-54006216
9471040
-53556719
-85152174
46605646
-91918514
64551858
1235871
-38440624
60489976
-2012009
9471132
75454247
39494938
4547249
-90690978
22502863
99537216
-23289943
-25761555
-27456609
76097689
47928010
14451714
94642244
-35276438
-41668463
-94227262
59769989
94310854
-6408625
27037045
-13118612
98933115
51850470
59246145
65931136
-77294211
-59296702
-95074867
-88913372
96006630
-39068402
-29745141
-60137555
28744316
235950
-44531649
17625859
-74259285
-79270573
48597913
-37206001
14615669
93019556
-30103906
61543030
31991567
-79794418
-18117916
49749948
58779119
41465881
-32751478
-33101400
70950946
-77410257
76521131
87644467
45301104
-56622115
-202926
58833917
-28215076
-36848183
-23463240
15166090
-22326849
-25410732
-34102073
64487612
-97136815
-11853122
34029273
73581426
44993462
-35756954
72265718
-94086442
-18045625
97703115
-66060431
-97499794
58821214
-44824816
-47692492
-45459251
93683076
-96643742
-31088501
6154572
23714818
-32176117
72324755
82362830
20932353
89763995
91009074
-48536148
16482796
54730004
-16130121
-42597702
54307654
17394471
46886762
-29367759
-92563393
-6332905
21905138
6707900
-49675975
70607573
5690092
47597989
-90561684
-2703133
-99987297
-83390261
-89155691
-78003989
21483014
-25683107
-94322231
59743355
-59227207
35039302
15822123
51666443
-47350927
55229466
-26766029
20801865
-10569239
27224371
13833236
76537271
-51807449
-58573258
8288421
81675267
-52895859
15980
-18548881
62203598
-44169454
53107244
62133791
-75273235
72924514
-76364514
89751292
74399334
-59380457
-5513215
-66753011
-90447015
-48275472
94564299
-23378322
-88152540
54810117
-44229837
-58981978
66675671
-66526072
29522159
-18823189
78465721
-66235247
-67098955
-50895685
58585960
8321317
-70830959
74891870
-78532967
92865773
-56525830
3912808
-12334452
72905510
-8904643
78741929
-70986414
65478174
-1165364
-19817678
94943976
-6022619
4280250
24812742
-46371748
64805064
-3559039
-73134851
91333977
-41002042
14775448
28729670
26308387
-28069568
83668069
90962012
40023469
74531170
-68834668
-33921984
-88549499
19594915
-88220044
-83312788
-91749643
-9348510
88956129
-61058051
-36285240
-22971766
-87995565
-98802503
34639291
-50660164
-13767165
-15511660
29484503
8088302
95476062
93780896
-88119644
-97696108
83557892
62469074
-21909676
14744500
77604421
-84264885
89237440
133344
-61281540
-45517584
34312842
-67243380
-31268179
-24650939
-17802576
-12406963
16562384
62976762
75848934
-42500989
63150389
14305743
-53006478
13577951
94090379
-23031450
85697597
-820271
-38522491
-68064834
79055107
-62615565
-45802340
-90853392
36037022
-50689119
38596887
-6494143
13047068
73221013
-50295491
63581415
-61690227
57522018
-33115346
1882671
80608015
-89116227
-97709085
-58108535
91525917
-67500701
-82068039
54381345
-60846497
-30747851
15475551
64512373
20654121
635871
-69962482
-9942289
-61344165
-93216706
-24572692
-3071594
78558959
-40414788
39312039
-67113458
48996149
-76943473
-50070306
-97372079
-92205498
99568973
-24004031
-10528497
-53306704
-7792293
-3639466
74813823
-3111186
-80413957
-59590752
46555807
-80547526
-183685
69993105
-33215128
33835330
74084514
72851735
-87588803
43183495
59646798
24925580
-68473521
-17905290
69956248
23323711
21022803
-28428266
69404373
-7104684
68469389
82569605
-84695960
46586843
-60415471
93256179
-73995953
17819077
-71553587
-95724664
-44776306
93168896
-80930209
66374045
28871500
-22524069
-21257356
-10407894
-27472834
-948788
74911635
-49795209
-62481503
-40555574
-51852296
-25356608
-55530510
-92623207
-23262953
68883995
75337731
3242089
27484441
26690727
-28060142
63986202
-95851566
53229471
30408575
-26471308
7831282
-43734563
44405322
-91864140
-12040200
66477901
5855789
-34847566
53223209
-7519683
-55418933
-68569304
99044568
-29646840
17983681
18264598
45051108
55859614
-1560861
64941136
48786689
-81372746
-58917971
-40437583
-71062395
51981605
-34315545
-7620937
-5565814
64885298
-26672503
25513172
59183530
98998473
91219930
18646197
5799469
-70617363
71484625
-18330198
68787603
79317055
-45846416
84256730
24302928
43907034
4197520
-42868720
-91292954
53675260
-81064906
-51711180
-45209668
65467439
24742002
-10795972
-84816593
-15157096
79198254
35978195
793445
-86523274
70718247
88337910
-80847181
19067894
-27752835
-99953905
-20866770
99337483
-87534872
15668470
84374988
-83230664
96153533
69469634
64473669
-43174701
35259489
-14969430
-52215916
-91446825
-16327984
40758925
45950204
-74961323
-29277161
93716091
-25743530
2015902
3462790
-79043436
-49815618
-64493570
80876357
55310877
-91401192
-34184327
65103910
-94764967
-28340131
4151425
77998050
-90630437
41210131
3266623
-36086169
-61979004
69313906
55272368
24730358
58358108
49583415
-5832317
-11805890
-7759730
29804709
-70040679
-57612294
94114142
-51654946
-21468926
25789624
77117328
-4125308
91508563
-34515912
48868558
-64107022
-59157345
60870826
-1342005
-8278612
30024455
-86629299
43632659
-69444876
-25697547
99548793
-57316420
61124845
-67298157
-75597815
18984101
77285543
45104681
-28626851
56016699
47312319
-11363913
-74493832
78639486
-76572033
70989768
56889978
93128795
78361800
-99119278
13494870
49701568
-62217465
15045272
-97871983
28471250
94401542
-73927638
-33363280
-80441040
-19203019
44561451
-38314855
-44497744
-69589472
99704125
-67010704
-84356789
-45871112
-93194477
99831784
50770011
20135414
9467389
-98443761
47256891
-84663513
82231339
-24769972
20731619
73134476
-79758094
65270858
-70325598
60807582
-50152775
-95098955
-53920428
-69426174
-4069065
24582558
51213180
-21532040
-48185811
-24780283
-97249133
-73049059
70003911
48228958
-76276159
38000471
41246767
38999906
71556277
-98951063
62724859
-70433847
28315146
13489033
-45128875
13134762
-87829798
50842334
45905100
-53575517
-39444925
79290593
-67989258
-5305327
80563302
94803080
86909724
85069385
58197953
-17777036
-51381397
-27697950
-31678775
-65752328
98805372
20305950
-54667425
-65997619
-48493813
82731148
-68112292
-18758001
93714580
-71374535
98082723
-79718929
-23414101
32590539
75702700
82796172
12412355
-99629154
32562860
-94610295
-85335359
-76539727
94940199
-24690762
67665655
-71079239
51090747
56177382
80801953
-10666687
52430334
-9577192
61244928
-5932526
14683661
34565175
-32197813
78167821
-663853
63173952
-85463225
79313075
85576012
-96614723
-3388050
60282230
18217181
-45680815
-90633316
75401780
69810608
-51752244
39739190
-37068481
-80416970
75345098
25365751
70023337
-33663275
-77414574
-68359599
-24289674
440046
4381267
-23804869
7659914
-40963857
82518424
-82093123
-58862475
14993985
34244534
1034699
69388907
90852930
-64648434
-62115740
91554921
78697287
-92616575
10703579
-3228439
46810697
-94599827
19522704
4182577
50683618
-1686592
-25515556
39338562
-90800576
-2221151
11831095
-23249279
31533551
38826448
-21126972
-18805255
27190146
88952036
1246087
35698756
-63587693
68229159
-39592205
-64433927
47213057
70350282
-27921411
84231463
37460837
33810829
91326049
-41046700
11881846
34868839
28899629
-4960127
84858562
72012554
56976295
60722734
8033980
-21431686
-68061900
-82784865
-77586562
-75716022
-62144644
-47973519
56478537
56689515
-35635225
89745251
6137338
75004823
-39640746
78581537
44992377
-16043370
56969519
80333336
-73765181
-9747020
-98122275
-24611406
6452799
-47122205
64868874
96664712
-90073182
83833155
-3663818
55177592
-68024260
40523352
-72335225
57843992
36291059
-56807341
-86847365
22929079
32494925
-79947893
-72247075
80771322
-30553946
-98419202
52815962
36877022
-25490416
50318092
50047495
901932
-84956966
76642959
34487915
-82219000
-23309411
56549506
10762335
69535643
-40584897
-58809356
-57900337
72645382
-39646668
9187182
57769510
65613985
47340047
2515261
-57709522
1799718
-29196005
-65959560
-52161590
-93817289
-37499946
-78893597
-94057460
4872001
61833
-72008148
22155127
-40391274
-66214340
95434250
40134558
-44667220
-93964563
-90116225
-18846597
79741552
32430323
-56383009
-36486025
-8695719
77952444
-44892457
20417989
60258872
-56188713
87201976
89536974
71994323
8027614
-51752223
-69902064
81002593
28804549
28305204
55280945
-44415814
50606966
-94109666
-30526191
-68576749
19035517
82490936
38859721
-35080918
69052624
2436730
59578548
37456272
-78638142
-37451075
69369394
-72812997
70526465
56534129
-71769734
-92607490
688413
-54316332
-38939287
12859856
-61545123
50160804
51581111
85537883
65336314
59131964
26528231
-22269767
-45397171
-74430783
-70865414
26539989
74143181
-67909276
72268764
95461507
16247822
-44501093
91206247
41374557
-72376572
-47919298
50632465
-54521311
-21121618
-97089068
-89523872
72270419
74937
47888434
54895772
4923298
44829620
56613953
92968374
68874712
-69090175
53321838
-417233
-90079341
75908498
-18151686
-17146557
95792640
-66585662
-57170595
-46956178
38435740
84265364
-67231242
-8855312
-54810494
-45522580
19686156
-14763572
86374174
99528339
6102422
6659500
62425381
48655835
54257811
77655295
6714394
-29326555
24211288
81710368
-82470772
-60877650
-96605949
64551682
62925983
55916139
81285587
65466059
45775113
69227259
54839824
-87935650
-63951023
49867110
-27959613
88005054
-32693822
-43256255
9706265
-49554123
-74856536
-28622476
-93405801
69346373
24807402
-53337662
37157386
-38735176
-78349314
4193019
76139048
25119195
9203049
-38880964
-64485407
-686610
80871313
-31782924
28218705
-10726633
-26808168
54220097
39461315
-82853085
-55311486
-5961929
-29389478
-87441729
-23384553
66252756
10349117
-50029352
60967179
-26234589
56566904
46151704
-67471850
-65952323
-60255720
16263645
-81241248
20020763
43815372
-58417906
93088210
-70279371
2861301
74929941
14352516
72726997
-92866259
99089102
28525040
-79567102
77254044
-29076633
31916209
89447283
24657859
-69230670
76051815
24599114
84649376
-44602071
93843901
26168399
64152015
-64562362
4552132
-10637111
-33214761
46823636
-71527205
-88044941
-29485386
53171069
-89595276
-2120780
-75941296
-85032115
91176770
-4319419
-1794246
3888450
59119015
11260015
21445608
40534281
-3488634
-14356464
-85764505
-56919133
9389817
-91025050
40211830
-5840362
35371387
-11582557
-52261808
-33080189
-34431387
-32576338
-29622192
-75010373
5941757
-39689896
70616306
16569981
49918283
-75917025
-39481358
-65963012
65388578
9689974
-60407441
-19628767
-73606641
-19239075
-3721087
-17416114
-95277209
-76382267
38926272
-81091405
-24872606
-76295628
-62566182
-80502155
-28256771
76354976
-82200319
21987281
-49858972
57138893
49399271
23753108
-74697228
-26783873
97946693
-1191090
40643708
-95124374
90615998
-27571610
-74875106
80198506
-22307712
99699843
69382390
-40159404
-32233722
-45389539
92138529
65154306
-37802981
-58049121
28497390
-48530787
49862233
-17762616
-77123714
51118460
-55173249
73563307
-93716707
38531361
83895960
-91750315
60290702
15839451
-44931540
53177232
-17185768
97470002
41940177
99847164
-66998265
-33502118
93783701
-5071113
46012084
-62266026
-49884545
-88097367
8588697
63189220
29848752
-15013278
-5058127
7448391
95255717
73833559
23353893
15709308
-24067376
89525248
60048875
-82947310
-33854904
-13406467
96302546
-30557397
-60590860
-46457061
-95227865
14589045
71796229
94668526
-76785872
-37650145
-91050856
-38000492
-42314489
-45066654
36225300
85142311
1003005
-67075882
-35025391
-56905927
-91317392
-1090763
13307811
-47157689
20583733
-18765099
-70176662
67104923
21537378
52414929
-60201711
-84050956
-99647215
7190168
-1373660
-23430520
98324833
96572515
-92869503
93999651
91392991
35180226
-38227407
-67407982
-1500753
33256209
16148047
-31579453
79484008
-9209688
-11477757
27124756
52078081
-76948978
-22089076
-2606692
56134792
86566829
32959205
23537234
-15234293
-95308695
-26868853
-29200801
-77448434
93000099
-38353278
50495343
56307005
-40344181
86817477
4430489
-74206379
-29025043
-48298918
-26497618
-62863356
-19284207
54343064
87327523
65086853
61402790
87620915
-69252934
-36107315
12673532
-36129037
77301763
-70720757
-98766969
20434688
-88241996
-36386691
-16406738
9233944
86701685
-37950922
90973394
-89959548
5499147
-28390513
65652704
12113542
19828188
3972834
84091753
1331135
-18896877
71349940
-95591458
-39743336
-24581002
-67776235
45631682
58450381
23362916
-82929610
-57615919
-93093487
9878033
29129136
-15655042
21216099
55073973
39221131
75059473
-59182821
42200358
61741013
-35000604
-88546697
-53836750
-29324659
-51156084
15718035
99434148
-50710752
-32207274
26774231
-20199068
-88657603
82767839
-94048177
-75129299
40976367
-54984311
79534239
17981627
25142881
85871027
69631295
-80335003
84066880
162418
76370011
87264528
-55563396
57039568
80607057
28913361
43274574
59130776
19362110
6350543
92955238
-85906586
-95256343
83379848
-70086354
59016232
-25926333
49277663
15609849
27105581
-1464364
46361297
-21606865
-3654602
-85902394
-5794559
95525234
22835552
-82942523
75869985
-4631899
91788306
-37903631
70512922
-27526095
28453506
54997544
-7750320
-12814331
97860870
36526358
-47788380
-36594272
-398721
-68084537
26882952
-59727968
96154390
-11932020
66126648
11797359
-79646368
4055147
-43038701
-98373218
-69991287
8871393
48091206
42941961
-13598384
33388127
-79560978
42073299
43492125
-89017558
-98833068
51997044
-65769265
10905943
1460139
-95981312
81823987
-37908007
17748979
90579223
-53675984
-17044432
78791855
-35570065
-12785347
-46066591
99370843
-65232429
-49069171
-35927375
-24985532
-12266842
-94864930
68886140
-57534809
-80417887
-93093663
49307719
-99215947
-35527257
16087335
10138320
19913603
-11381163
-69251470
74885908
-93958704
-14751553
86607841
62107959
29973372
58261639
86306168
-33617924
55302765
47053144
30079537
-16338730
-44272693
-67531794
34017283
85671451
-8857530
-20580501
35967973
13433773
46861974
-34655406
-31559249
-18121974
97112350
-67483732
-38692061
-46723764
-25508113
36185695
63041965
-9826982
-66318596
12328745
-52107888
14122395
-51840270
-11177131
34099253
16752829
1426990
38752993
-86416626
-4587954
-10497424
23245067
-6419589
68315846
30455459
30415884
-81004150
-59505896
52650864
17314757
-71976067
40696701
-83192304
4729814
64995608
-2542896
-3046301
33029932
91890189
-80882931
84011179
-60093481
-50020134
43398561
84576094
-80105112
37511720
-97680400
45320245
-80784856
-87993218
-91891020
-48238780
73028704
92375450
-26132717
38935856
-7007907
22820776
44076002
17189845
22547861
37522153
16366646
-15695188
7195410
-2685301
43429915
23827260
-63357851
-80200871
68397058
46862804
94466304
11400867
-50403943
-26734800
50181850
83739752
10560571
92904163
-83323751
-4826142
33435720
5307974
-80085048
-11064519
-56221008
12354364
-8871675
58521248
-96038394
-89790845
-52185814
1927224
-38536683
2384365
33613219
-40906252
-22619316
22580188
94081805
-21507660
8678096
99416014
-56390276
-38753824
-42705085
-38372164
42779393
-99397917
88754005
9252341
-87739796
51171838
513596
-72625997
-95913567
-88941329
-35610140
-81740072
-46464294
-68924450
-67301065
-21879100
-84162477
58187902
-951383
-7460920
-50062451
47211691
39651980
-8911899
6359067
87980382
98822358
38183908
86495761
34019705
-38301750
58668776
-68359435
82151155
69574971
-9473759
69767242
-5290735
97948950
-3357652
-98586373
-65910686
-1702069
22554548
94703888
-40879245
-30955518
63006254
-54206595
-69442804
83578490
-14578179
62197558
64755835
-88309714
95567701
-39049898
-2334096
-97106727
-75720178
52349479
62329687
-59121758
-29933272
49360421
5721084
86619362
-28615449
-38499421
42172693
8353658
21128258
60238951
-97593731
-8874548
-84151765
-51086240
-82902568
-3615788
-52761688
18935900
-64183897
-7609497
55938565
50441215
76276428
96471217
-33115270
70460869
74007270
-70423861
-27898663
-8184009
73669128
44292868
-60916060
93211072
-71768797
73194126
-11017196
-27498608
97659930
1505675
3620711
22203537
-37549769
25182870
59791288
-26369617
95842051
46653940
-56147330
-98718309
55654961
5343921
16533376
-30060816
-15060324
19625512
73083992
9249866
19734632
923682
-12506692
12596554
-63747680
-70687734
86569822
-41886600
-47958489
-77362837
-79317443
-56096695
-92598592
74736919
21275969
34310428
88769791
-66264973
-12009017
-48906442
-63320071
93254346
74618817
-72646670
85723468
-29180354
36161030
-31674793
-72240508
69144756
8271395
8605690
-99889866
79732938
52766760
-3263752
-85987634
91024157
-14048783
-66862036
38613047
1677887
-78411129
73204887
25971382
99949364
93880283
80918041
84067952
82222947
-18830608
-48795351
-68365472
21990434
-27430063
26480285
26304864
-39860022
26873085
65432674
-6848764
18244615
-69646092
-17103245
14365767
12076866
-56206829
-72331531
-78029841
-75460280
20298061
97745633
47783809
-45146982
12480510
35002041
71665475
-98586070
1381947
85774103
-23060638
55242989
-15742746
-54463456
-12024637
-42933255
-23028839
-21880301
7163001
-73713526
70431384
53872388
-35848928
20518543
39986728
-79631569
-28676021
38692115
-41160880
-86105485
56156193
66211814
58947881
59528231
-38075114
-16576242
3420839
76781510
-90490077
37567895
54814810
24890934
58758030
41098981
-11506688
37908246
-66012640
84817363
94921392
-42700978
-64894295
65673471
20505468
95683685
-45891665
66425672
33594561
-72734734
14866289
-7887922
-36321939
-67026641
42574809
-12512568
-70382090
10727548
96295107
24729023
83611658
-95448396
53645905
189651
-31390224
69595105
-28528336
-54459550
95114357
23052090
-67974769
-97921519
86381071
-13493385
43770723
-98459903
78788810
90482722
-54293655
63264196
5419895
-4500787
49829196
-23844427
-38084780
17397845
-26110167
21841450
82316124
-28729402
11481071
77765763
41613139
9258337
-98794295
90369787
3653116
34916053
-2936305
50910362
24212020
-91432115
71311315
-89457529
95240034
12787807
5731007
77171446
-10797364
41034711
8698621
-60864812
-34978798
-66969089
-80690873
-11887556
-45277593
-22509668
-61725569
51211930
-4294729
49630214
-36775674
23843759
-88428981
-45740533
-39534658
-22877267
-14699091
53400935
-2113019
-56127244
-6580974
-5204018
-60947825
-3147990
24187898
39286725
-19084462
49127412
-88333163
-3281613
-67361187
-58718588
62571976
-27654117
12744561
8582227
-10050791
13093261
35647379
-73837216
-3358378
45851764
-44794910
74581806
45343558
-52532445
98971451
40980567
-47677535
-71391726
-8129464
35801701
-56852270
-35174135
45716161
70225219
93978735
22457117
63924545
15435682
96574793
-10852982
39545093
98986884
16991400
-78057086
61271782
39225135
41514906
51883115
87173523
72207648
-82246444
-28275803
47231133
47567262
-60409109
-35529632
51508451
-23279658
40315274
39934971
-3195053
83058563
-95152149
-3162888
98133681
-2253889
26629721
42519341
14603492
67492092
49168715
-79788303
-70412010
-92505396
-93693330
-43781794
-42409594
23400644
-13804227
-40253685
99465661
439350
-58565250
19662887
18048144
71423533
17594731
98148899
30634328
29508366
70948665
-12795798
75120408
-43360178
92342071
56486530
94139033
-79845712
-76190768
-36474330
-87404586
98995565
-62720378
-80318569
-76961068
97541858
-57863794
39736529
41260591
83372685
-93120038
-71892193
90524569
-19431042
40469310
96365597
41623812
-14815037
78788967
-73289852
80151380
28480822
-88114988
85095125
96543427
-38035488
-54908711
72948168
-84847468
-50179860
-37920827
-62563883
-408589
-77329897
-52849099
-99529905
-36840273
-78246682
-3376046
20506286
29287326
77858201
-43111692
47261643
22628404
42840857
-3320367
-5448551
16170512
95976474
-85137283
8954069
-58634680
97099083
-16625711
-15885409
87110552
-47815503
-76861997
61074420
52450569
-30811962
24583996
-8559550
21293511
69443844
28516396
67854466
-66581944
39999214
33205870
19870493
88561008
-41717319
-2577178
-97706822
-28407486
-35376631
-37533279
-46297431
65284879
50539839
-43222344
-80823942
-65042577
53125104
96070797
2492327
39295813
63036310
-86640457
-89024771
98615315
35549534
68055717
-39900712
-46725796
65447857
-74031869
53184559
-85675539
28825167
-38866607
76171298
-37229396
-5007777
20393060
83082639
-323739
-18918889
-87477923
22487182
89717776
69435433
95789541
-98089271
-87589619
5407938
-43516973
68168407
73373047
-73975932
-71441347
-29618255
26639670
22230640
21255178
-46988526
-9773036
-62676467
49018973
6144657
-61344762
9282162
-60621892
-63540289
-10593555
-19393643
56405454
39965199
-67267957
-87011843
-97183934
-41785299
50514233
-9127639
-78742548
-70820119
39759993
66144987
-52311094
47866266
8964829
-42200277
79811511
88300392
266514
90751648
-50468373
40539963
73737044
-32618415
-7144325
-37647272
32062137
6377419
-16168057
-19564386
30057325
59329829
12504284
31804023
49002484
16517827
35436364
60384890
-76791998
70343951
19867512
-64232692
973187
-7924703
13251481
24081976
89634626
-98847293
97179827
80855515
29470650
-48922285
36193197
-1345203
-68925270
-84134510
66228155
65350457
20132482
40463337
26152564
-55863187
-92959582
40821838
-877445
80430163
-46359297
15884882
98863782
92447001
22363359
-80573380
65092390
29922562
-29115865
-86235681
-60433225
-18338254
54130104
68773698
-27281899
30909430
9197592
2976428
50964963
-21020391
-76863368
-86150514
729293
33136993
50289672
70085906
-59747592
-17255336
-55808614
-24269302
-71273110
60151349
92952741
32821318
-29558727
-26250257
-97711076
-95267175
-41507845
10044030
-14014675
-93729366
-72229339
-82689590
76298714
-15433592
-88779647
51358783
-32254764
95243134
34939220
4063989
89856875
-79857054
57293531
-60208784
-84844411
-34273212
-57842672
52277452
79174212
-17652275
-14268824
95153436
85037428
-20584574
-11290995
-78691214
-1667576
98968357
28620505
4464767
-55515728
-59079067
92994283
-83134003
86078824
-16581118
56838278
-34276736
58865553
-11106376
-85000573
-51051748
40791477
24662900
70294474
72809794
75527786
-69349943
-41405846
36562136
62575496
6214703
30869817
-96362401
20539458
-67382776
-67727018
-3116713
95857403
89911567
-46973642
-31223121
-33377371
-69525547
-40420283
48935941
-72851337
40427533
-46287609
31736706
8888510
76434064
93411899
-9719412
-32651702
-63217076
-45638041
-39625473
9120952
15899210
-54219001
-32317633
40374202
92058368
41889270
38269569
10051116
89356683
-3673461
53461599
-48854100
-40045010
-30134139
68953986
-64132735
46222548
82325622
10317024
-34916817
-78641468
45661131
-64899747
76937665
26857448
-72326375
86141432
12802803
-59410771
36289301
-16243467
78255265
71898454
87762334
-20041807
44130567
85343991
28402676
-25435740
-11414817
21310148
-61115175
-62208021
-55899006
250792
-19409195
-51066481
6568203
-75542087
-45586678
21125749
-45542699
44044934
95291343
-12237580
70238078
-89319254
-9255298
-86483246
64384743
55747838
-74533235
-30538113
-46932618
-87429995
75206333
-20752555
-27807344
89907667
-75176582
-49476726
-82180128
7761362
-78268159
43773035
82473707
7869152
90999259
-23313128
-53733357
78740106
-20426771
-11655110
86175906
-84836448
-70700768
-65789669
76607110
-86
9720115
33449821
-5400712
14885922
10179517
32837344
-4156617
69422938
84724596
-68469012
25044458
-98656641
76740863
16660535
99634494
-96109952
3305877
46695939
22313093
-48481692
5288713
-37631075
-80318513
-85942171
67250110
85644636
-23825391
37121874
-16714020
-62096170
83270773
40996002
2640335
72192741
-19812448
-8626403
55923985
2933949
97581844
-11105504
-52070349
-86949232
23144555
59468270
51642414
-55076717
-98000757
62912693
-11289604
82285857
11857674
-17396708
11897237
25088802
94711201
-52648811
13768334
-19458541
47635811
24534880
-43337265
58721508
-13863043
46820766
-51739785
84048455
-1296976
-95451879
-63527018
8260897
-52033938
-99628073
49114094
-66581404
-96411344
-7762056
39224369
-39786784
-37584586
22326827
83645393
13261915
-51588523
1000122
26046155
667480
-70901236
77551532
77481540
-67163637
77605262
-24617474
55298137
-26953037
-67768240
-10791858
26913811
76323789
11208055
67593959
46220258
97451121
26439711
80449499
34319795
11485746
33489197
-21521359
21500145
2473256
8126819
-46444883
-81873956
-74691016
40889487
43400820
10310031
85136834
-79225389
47592734
54949690
21151491
-72933419
-96363381
30655634
72583536
-54926210
-23932869
-98813165
14380513
65324133
62900580
49005161
-5178545
76106568
86194271
86822204
-32038022
66680327
-85439592
67178282
50620123
-43948613
-24991717
24709543
24050144
-42743518
29989153
32157475
-11169060
78898111
41776976
55549177
63615320
-87355732
-74931233
70384540
22803091
-50206136
61736258
-33588044
-42577934
-22708195
-92880369
37149122
45226238
4549956
23304588
-50797585
54695216
56578615
-57651948
-81543494
-93785798
80414452
-95670434
-34899897
52058297
-21072925
-93394511
15327053
15084636
43909655
12355895
35482402
-76452843
-92648598
85389840
-17822814
51037801
-84190269
-35980888
-81831887
-95055932
48148452
9756215
-26671682
-51068244
37859161
79483304
-80499812
33951893
-19213262
77462259
32252324
36550059
23320469
49334975
83200867
-91685298
59968663
-81673758
-56123984
-56811625
-53590795
51327320
13512411
64935910
-28362771
13601965
37874835
19160116
-58872599
-1835387
38885484
-7440497
-75820062
-86487563
-41934250
-29341764
31001247
-83831653
-85800864
-556229
87105301
81375159
-65702103
66447396
80103570
98932342
226687
-41983573
-97811027
-26137516
91069138
97483489
-79856904
74979738
58534863
96821131
96243804
8392408
77294526
-75742805
-58391532
340072
-7175508
82622125
-61423226
-60307179
12370120
9808031
-8730775
12542630
-22686546
43800315
-95872895
44432244
-43916927
-34965955
17029422
47065014
84832340
-27295114
-86624723
-20141592
16971143
67264916
7095474
41401995
-27583593
-50799800
-45022426
-38755382
-25585569
-77391161
-61126180
89941940
-42164698
-13234771
-11449333
-48324228
27870621
40410748
-13437778
90418655
66747201
-10353658
96549030
-52731177
93356383
-24289149
18896664
-6499182
-20208291
-50821211
23560068
4589640
-89118083
61750059
83368929
25559575
-24473350
-2825221
67276413
-36830080
-45169543
-69975393
-61871802
-45295386
4926494
-85814835
-13403058
69317844
76483378
-34646351
-80805607
-55578409
86142664
-77043378
13111207
-72675200
70715885
-40173349
48045612
96705556
30303535
61476756
81452908
-74764358
-951230
34284180
79060022
-3914758
3396300
62991091
76149121
-69304158
73134334
-76607699
35588197
36722594
-48481857
41844416
42342328
79171218
89113908
49578819
17017439
-85561941
-70015604
-20861523
18446975
87925295
-51361148
56044128
54843690
-84300001
49129167
70570857
32866384
-6646299
-51428302
-87107444
55655844
70642314
-64874858
90511700
-34078456
-86507713
-10795472
88498551
-28712744
62750363
-12631576
76388613
75806657
-71128531
17484322
68874394
-92408353
80724715
-55540684
67014849
95251245
-80089707
-84162796
91134726
-52553611
47352172
-91852599
60449122
-18433326
-97436523
-9474084
-57765504
-11849105
-61374414
86188571
71700013
44046075
98602208
-16342725
3525152
25233531
-58514156
-92148779
55696612
556871
-27749761
80237470
25972220
-1784324
80254773
62979210
52141669
-51105615
-18443151
-82358690
35745551
54805110
-56009585
43065310
18569371
-94655115
28755405
6931876
-31276221
-27775554
-54866073
-11762283
37181071
-57317103
45784309
-75171682
-91010561
-2932561
40934163
-58218682
53765401
-87940929
-39859408
-9422145
75196150
67114702
-17824820
-37766555
1311901
-60415734
38384247
93340110
-93405954
-79015725
-49556980
-83105097
55660
-44463103
65087903
-1819734
96478125
34553968
39127442
-16527835
-44577057
84012522
-56943602
-16710678
52431367
55426454
53989771
-44925771
7960221
-60224469
-36124091
23686479
-5335483
53412559
67869160
51454669
23169705
-33478040
-94380026
-70860488
33840199
-48206183
-18356329
16196796
92239877
28889405
24772657
53452541
31979536
-57246104
-54696808
-80788567
-27068371
76668426
-64845089
91183627
24058303
98885857
9802078
45885447
-14405505
-16689983
-14620111
66818514
57108365
26756541
22230385
46643100
-12332263
-86366766
75010561
29956164
28933993
9987929
49631965
-96370874
2368850
26859602
-8950555
-76458039
-69346203
-99462770
23094693
-34793676
94472338
-55335524
-49245151
17996091
18257648
76685532
-72603634
24283847
56719882
-40265473
43545016
-49469818
66413927
14825156
59088430
-34516665
-93340981
78129557
-34215197
18346301
-32256665
15347027
-9722561
62943700
-72963540
-68474215
-11185223
97198701
7836412
-13739884
15231650
-14942735
60215324
-79826436
72346176
12443888
-23998308
-95765706
-71614548
10982204
86236867
-49273287
73236282
-30800535
66442912
-898217
-62784802
87543694
67771171
-74433890
-83117058
-47475761
34752426
-95251609
97462989
-20874690
54387036
-12188851
-9040370
-13268137
-12129245
-69802336
-83552565
-29540235
44502877
-41512249
-9685143
46240363
42478980
-53355459
89481643
-97575276
49744105
54802599
32109434
-82983379
42110745
-78922026
96500787
27934677
94310586
1271082
-70572471
-17729698
-30622827
-37292590
50304839
55466932
-77289425
-6779135
58056852
88190543
13274664
41653589
-76888551
56039203
-65720722
2776517
24696588
7955161
-91213075
-9025165
-54935287
21126629
-63915533
-85541783
2780134
79949827
-27361043
80446367
37014565
33309062
-8689638
63024953
-7578724
86599672
-99229866
34177133
-98917409
-18204533
8182912
34847925
23529787
-50741885
-11412311
-98708901
-10849940
-91909484
31691149
76070231
82737343
-60665772
-3618615
-11454375
19147751
3335751
-43793631
8300900
-53814165
-45081044
59927275
70355011
-17172025
-57735792
56206299
-75252211
-3119820
50249711
-50767688
-63488224
55269068
102145
1693925
-57098879
99772249
-26061000
67445047
95806598
-67461060
-65206633
25308157
-5310382
-51741323
-3431274
97709023
-2319663
-63072324
-97235264
-56122798
89085525
30393303
-7530766
-12008703
46163635
21868191
37827900
-47980051
-18734421
-6948185
-36160101
4410918
38900348
58858203
-4820627
-79198838
-17364802
37640302
-46519736
-11226625
-54791250
35890703
-39600229
-24238040
-88607533
29610798
-34762343
22096334
86259249
-55444816
-41474039
87820113
-5884556
6372509
-39853214
6118473
-37200167
-87889153
55530289
21032929
-38055651
-78080950
-13820533
2754782
68699040
30382448
86407808
35831414
53079304
-24232437
15073825
60040034
83447411
13991360
98668451
-46805179
-30006468
-83292726
-23401170
-83447164
-43369467
-84268435
-34239300
-63289606
-65474147
-23980214
-89704526
-67472161
-1288583
89060899
58001329
-29475650
82110013
32447334
-73170974
-76710300
-50288764
57644988
7062920
-18989981
43202989
29406242
69017030
10491685
29481359
-1514074
-95627299
80124083
7704058
-93048035
-63875059
-53907441
35512017
38977452
-35597605
-53787217
56158349
-50530928
-31771072
-7320747
20086973
53879969
-62880003
64018404
17766234
-55450525
77930021
-48999924
-12837666
75378750
-96516415
12348543
9644353
95588810
-26650154
27224291
-53285465
55269015
7229035
36039927
-28352915
-69828609
24823781
-8240549
52935958
11908769
35012333
-56867440
-31955061
80616243
-32868650
-99757837
-10583941
-85616334
60923045
89323020
-7713755
-95001374
92725451
-15068116
20555904
53372624
-7038251
32325307
-96531621
23776398
36448205
39923206
-34372394
37178104
99498248
-99110666
42240037
32189001
-78967832
-10084418
-70943813
45360545
-88917555
-94142536
9537142
34797461
82955137
6546090
8247400
-96758578
-77067517
-4739313
-65334236
-15973174
-65061954
-58284092
62543563
-77702849
-84515978
18274460
37209641
92498474
-11708928
-70840440
75460563
95089126
77504953
30866834
81117994
-33757985
-41997875
57227058
93351498
-28992537
60266832
46925699
93916180
86867986
75394742
85758442
70417486
86415658
-75922094
-99773043
843914
-58812482
5257441
81600780
2240058
57782339
-61654229
19942886
16704979
2757707
52705940
-63442287
-42930527
81922885
-69603100
14448015
57292508
-47911697
25428096
-57994616
45239296
-34294576
1909189
63658301
23759993
-11987654
-52200272
75675576
-53097591
-70274421
47856973
50793983
68420567
-11935886
28315645
34273045
-10168316
95904173
-71373225
-76664346
-72103756
38059239
-59477921
-9406210
18301522
23709119
-10143775
-88006706
56471085
-39053274
-71534066
18329183
-39012439
82072521
-45012339
-64861511
39278329
41599139
-42159213
-85772289
9982611
-37329805
-26959523
-13020601
54900734
-98088043
-31862855
69005358
-46392761
-3876145
-75383669
61388334
-76538473
2092442
-85890860
-92819944
-74816655
-88684601
-54643221
-99949127
98156121
-64193567
-80795510
85955682
-98740356
-70472210
-10193579
86348045
-66923547
-6822844
94994716
48232544
38063386
-85600937
13353042
65226049
-34981238
53542679
35693055
16389564
-44428027
20850866
58386054
-39652770
-63669605
-32922400
-5132345
58895119
67963381
-52192396
-90044856
27962929
-3757640
-42210087
-83928410
-25823823
-56534296
-12915206
-14280245
25372944
12105535
-18210901
35928904
60430083
1129139
-23616214
-76675053
-90937536
88739399
-51116909
42161294
-28359335
-24377657
28967214
44478899
-22694746
-22579622
58857260
49625287
34182043
34660134
30911301
-81615336
85268849
-16777989
-32968214
-48009816
-19726527
98327473
-60823136
21760344
77933968
-32177076
-89679889
-95715971
73782874
84921961
97955971
59218090
59946608
-56247348
-14194809
70155720
19080290
5646309
38314479
-47659414
67275145
13311013
38766336
96755799
-15391556
37459506
51537711
90712809
81194234
-36595565
50660055
-22791929
-65902647
-75606398
43051474
-89265010
49562534
27122746
64227326
-96182260
-34697768
24683185
70696025
-7616708
-20535593
99639169
89678678
-9570609
-51145057
60755581
-695626
-20377461
44907532
-85308800
-15284962
66962459
-40438863
-57578935
-62848100
-59525539
16285213
-80392699
-76910206
10378439
-65738094
20747899
25120737
35553006
701177
-24929800
-79406814
91957544
41418983
34496738
87038354
-57408040
42614987
-53616957
17291392
-15030725
47780827
-38891680
41857866
-79561347
64100061
-28962485
32300539
-80593848
39678563
76089015
51173853
7141468
-10029154
23752864
-12467473
-54305070
1593390
-39682414
-41878615
58716507
-25481569
-45874328
89728213
73784742
40162394
7346830
38203555
-89589206
-72347155
-57876922
-75652529
-86821907
25129673
52182624
-7306367
-44823107
-22250565
-97348859
46278377
63224390
88447360
5714584
95874442
24612162
23896347
13451717
1986697
-82333881
-53035790
41343424
40998569
-17702599
88261657
58574884
-89549156
-6344845
-28619894
68073124
-19723742
-43246769
32833960
21889744
91753307
-2444515
51741543
37995759
82011795
37788221
-68940769
-67644366
67945494
-1057752
14039208
-5103005
70269147
68803846
-41748770
-34883950
-50111606
-73289324
-94639868
20537436
63446583
-13690579
1124508
42050070
-75083564
66554789
41731780
99038478
83796786
9676311
22374883
-10474854
-69609570
-33442385
13961277
-1681044
72870619
85900588
31439922
64198476
86606887
-85391424
73397929
-57943680
68258192
-6635338
88305736
-58353003
-64596076
-93735945
18184729
-46434419
-48606902
-87703477
58443161
5443885
96430976
-90308528
13079323
-84542995
96056441
-67979247
-51441153
-41730817
76567365
-75485939
-35493436
3711532
-45157432
59932274
-7754569
-36012194
-4729247
-58838344
33930548
48838006
12911492
-40931812
73791878
31551773
78249053
84783
63634554
77532730
91491582
-31190699
-61867952
-81906093
8114453
-91482608
1887979
63179146
-27178735
15982917
68142035
54586134
66049729
15128745
-34511045
43744130
-71141902
-15405797
86804428
-24528351
14018623
-45803078
58294827
-89768558
-21634025
-90394846
92532392
37362788
-64100406
81527549
-62792048
-4028343
-31613801
-28973884
-33222399
7758064
86382013
-53587343
95597078
-53674824
-41955705
29066285
91166541
79287836
-26980379
79344413
82788277
97782746
93579232
-69952253
2693675
-6345151
13280354
-11837096
-36485893
37294659
10514473
-72099395
39727932
-1490701
-84015001
64525190
27279551
-8706285
-21225036
-27829623
-13800065
-4976388
-51648856
57730890
57362117
82445440
-11002876
40479252
-82572646
84952338
-36969619
79006990
37211821
-978439
-73183124
94749645
43783555
-94148153
-21166126
43553102
82691303
80223294
-92487991
29482942
97243591
58481408
6684725
-2912221
-69659824
-6480896
-98213266
-127174
512872
-99150756
-6855523
-12235336
49431602
-64151658
-27314370
20248234
-95342275
72801101
-29264451
-21438232
-25735722
31507482
-9311216
-59293630
-28307578
-78764647
-79258366
21427703
-87540159
35221862
-10520927
5976640
-12488397
18868202
60487299
98880708
-24239285
91909345
10139076
23908250
83165604
63157555
-21505882
36362577
-94122917
39052212
-54681957
7935213
33166217
58585639
38895377
-90109798
9487745
28950240
-44781337
-34263892
-32207377
-34021646
-74604644
-90895178
-27222530
-19640970
-12587016
65291010
11370170
87167837
-99746939
-69436600
-24638958
-26195079
-55512481
-87251620
-37337976
46827299
-4603836
11106723
-46986637
54326206
-65170713
32640210
75917310
12806420
88261486
-46125798
96326484
-20411130
96488895
58561362
-36350462
-5248810
31088085
-90217640
66513988
1034254
-48869220
2806574
-24255430
13203108
-75007594
-81290754
38799150
-85245358
-67425830
-40638705
14098120
26146997
47228178
62660446
-66445924
44111940
-87277256
13466417
-68850933
-7244855
-66812489
59971049
-7902457
-66461218
68964525
-68218700
90678941
-58308302
66913862
80609852
42716836
-65294842
-53765609
61627770
-4303481
92589590
-64637848
39810255
29333800
-83879960
93841060
61162668
-19767750
28900191
39776081
-29820513
32360692
-66171551
25007286
19537597
-17971555
-82378332
78633293
-26241158
-32153258
-8840270
-89290970
-57794213
44238582
93211106
-71969696
-2892549
-52159221
-48035682
16644459
-20607039
-20087395
85600407
-33036073
-59035514
8749788
-27087511
84132616
-84970974
-1085915
-27975157
-20261201
63197351
-6237300
-1214963
-579393
56850492
16684412
-52623735
-1418594
25095168
-43928135
72475548
-6218973
-95463212
81880559
93156365
95571673
36122694
88089736
-3266392
13321888
-71732069
-87744268
-39616880
90266882
46760284
66864521
-15957200
-89212191
-90884044
-66510949
63604266
74844756
95821899
-88579069
-52488322
48443086
-54546456
-6209502
-28820189
80423039
-99535486
53382912
91549290
-76678904
7437056
-8180620
-37572862
-40916074
15593422
-22659184
-51990078
-73060710
-97819523
58702955
-48529133
50941619
-66620420
8518155
52660322
89985970
-67358388
-63411544
-10534550
-8393884
-7532402
97630791
-2040872
93115856
34368880
-55286722
50118128
-57667805
16909924
16310569
12857373
-25114981
-79293559
-62937977
-17170175
-45059096
4437383
-75041127
-4805614
31775139
85479129
36664975
72664279
-62881056
59950063
-3429941
15063506
36935388
41130175
-18806159
47781426
63876058
-36082538
-56826
30853497
9806265
93860251
-30688719
24715046
-29119856
27222688
-94322273
10029366
-14130092
-54154419
76585848
30235178
96317557
-74311670
-2280582
-14451413
-92317261
41394069
57690310
6126987
55802622
-75033488
-39159816
-66834207
-62201179
29649772
-86817261
1202019
-64283918
68529142
48981315
-89032443
20763266
6208525
73023560
-38919347
-64873899
243827
-75685759
-95447549
79801401
-73364391
-13205630
91273363
83364215
66334880
18745948
11247058
-56589243
95645253
40098687
-77518012
6227152
93816186
75050874
-15160248
33020067
-63854512
-13083776
41230372
14039948
4475707
-25686717
17340766
-3135735
65618291
-90528089
-9890969
-47335230
-63361236
-49577515
7438911
17079827
53137858
26325585
29167013
38172141
-30433179
-50198423
-28536060
-89096177
1935681
-42208739
-59929171
-71569546
26499326
4740405
26947080
31157650
-11816193
28060585
98980613
-86672398
-16916131
-9487497
-24674306
52322326
69453604
-5590903
-82254076
56862968
-71363083
-41417713
-93228008
45222768
-67340225
5402160
53089293
-32509400
-54116139
46667610
-36546755
86343910
-84547717
30326548
-87895733
-53315555
-65757546
-11089689
70364939
-39122115
-17475169
58951380
64480963
8578178
-48558128
-5888691
-66004042
-37374645
-49000109
76844687
68718537
75157724
-67944347
14600972
82266905
-56646607
-48980732
-5151940
95770679
-78902835
51651111
-40543521
-14726211
41516196
-35392660
-87363298
97875318
52757320
-21591765
-71358752
18079871
-19456707
24044157
56868038
-25661863
-30314463
-5898676
-1806187
-6219105
38548466
-28593798
-9536062
-83509291
-30960826
77949073
-11704479
54288256
851311
48059643
68750874
95665176
39394393
-6860368
49267773
9226774
-76931649
-26322410
-77035234
-56029162
-61194830
-3764010
-18761363
84217119
-77641358
-41235185
-11824757
-48886434
-24812385
-59737165
12581368
49252068
52825455
-98932835
-42777788
49690963
-38812828
-57034230
-83765385
63567123
76311818
-41651555
-2975993
-95302323
9657361
-67023929
78685477
87403661
74776384
-52358737
-48730215
96007946
-28863442
-45777026
-45024275
-57687524
90167564
6246819
94132066
-89725642
-10226171
-62818045
-20899360
-39411524
-64521726
-80501195
-57160279
38327228
-64082581
99576810
-51960399
80102580
-42557025
-40602358
-32340980
80456724
99211982
-23459040
-25440242
89382570
-19920663
771582
-23662818
-72453648
88993049
16573422
-21884490
-1397520
46091439
-85090265
59523398
54940353
-51166296
-94039743
-26206707
39129862
79247804
-63564469
69219402
-9841445
90136350
-59641751
51486241
75199573
99601661
-28832795
38564970
-88261085
86563954
-25480999
-56899506
13626604
-68312939
-95250505
30195020
89002247
60844773
-48445712
-28404574
18904852
41383295
44237241
92235788
-78992317
-59946588
-6900752
31268876
-48517282
85604349
28529157
-98791081
62776450
7321557
84401202
99246220
-60278912
49285340
1137608
-72055310
17825844
78008451
-33623405
12038525
-28427562
71809241
-54103206
23253292
-55915792
-24234764
-15208954
78285089
27693516
64840104
-49685450
48775260
-54100892
-51877540
30478557
35146161
6502412
39898329
-12917748
-73865435
-41965204
-26689918
-19675957
-93694954
-52714142
-94496725
-9526068
-60283094
-40292836
-76390402
53769582
40896400
-24993301
-67801285
20663350
-50801558
94156618
69845956
-12815333
75717481
813303
50244068
-26484597
97936346
-42992993
-64374059
53347111
91598627
-81193217
65991447
21442277
77927515
-9073801
-59757971
-45996272
98262356
-8514802
-60408253
-24032567
-61419067
85291304
-54925860
18577924
4083917
-88929478
9418149
-26231440
-86299607
27459110
-18719885
40989543
36656456
-47286339
11364770
25321262
7790728
99794679
-17612303
49298039
-88340083
-47843837
-1124696
-79089877
-6284283
2167320
75842067
-50029799
-65235330
78194986
22400994
57713243
54564870
-6121477
-51396267
90426177
-44260838
-68333857
69431485
86865823
47588857
61857380
39646718
-35860484
37526667
-74998096
84785821
25213853
79561428
14920766
46212999
98467676
-90902499
-9706292
-35692485
86424770
-13584001
-75835983
-75137793
-98083403
-64771545
-40552052
-60996110
-64494594
-94941884
23566871
86424672
-57222067
-95890073
20938593
-30417900
-23875415
-69636807
-4478127
-98290818
-50197464
12509445
-65264212
-16616545
-31286188
17381499
-49371787
-29591228
19843904
-68018013
23933317
48615742